0.0 0.0 0.0 0.0 0.0 0.0 0.0
0.02 0.0 0.0 0.0 0.0 0.0 0.0
0.04 0.02465784620591994 -0.011726527363030245 -0.011324213922558586 0.0 -0.002671586705616735 0.0002096245229071874
0.06 0.04941009592362844 -0.023535391586717056 -0.022727939894586 4.336808689942018e-21 -0.00536193174057535 0.0004170656513977643
0.08 0.07389737889758533 -0.03420159066033447 -0.03292813557045139 7.365877832036198e-07 -0.007769488572368124 0.0006189627017777313
0.1 0.09810410834260347 -0.0437330003775208 -0.04194922633752801 2.8844515318740716e-06 -0.009898644634846868 0.0008153070832482667
0.12000000000000001 0.121997473728926 -0.05218634402264142 -0.04987340876189484 7.04906021197899e-06 -0.011767439254758056 0.0010060147997052677
0.14 0.1455453273174486 -0.05961782433845945 -0.056778417943914736 1.3752044993960956e-05 -0.013393129676472295 0.0011910609155725276
0.16 0.16871789720384564 -0.06608241202771627 -0.06273650307727456 2.3435031756876664e-05 -0.0147919276545622 0.001370480483499778
0.18 0.19148799357732138 -0.07163393225541927 -0.067814984267065 3.646660920784362e-05 -0.015979097099407327 0.0015443569778244865
0.19999999999999998 0.21383111812972222 -0.0763250683041276 -0.07207672314177921 5.31486163304994e-05 -0.016969034588017826 0.0017128117579253833
0.21999999999999997 0.23572553140386418 -0.08020732312513038 -0.07558051849266129 7.37217021119275e-05 -0.017775335446265746 0.0018759950851388436
0.23999999999999996 0.25715227997908224 -0.08333095496116139 -0.0783814437668305 9.837032474690476e-05 -0.01841084894493839 0.002034078600193488
0.25999999999999995 0.2780951855867422 -0.085744898004144 -0.08053113811310483 0.00012722733858194402 -0.01888772505952727 0.0021872491191731653
0.27999999999999997 0.29854079919985826 -0.08749667669736799 -0.08207805998568214 0.00016037828840549548 -0.019217454696093695 0.00233570358697585
0.3 0.318478323853867 -0.08863232037630905 -0.08306771033196102 0.00019786550103752373 -0.019410904871493013 0.0024796450230287113
0.32 0.3378995104478278 -0.08919628330853117 -0.08354283087731808 0.00023969203586402693 -0.01947835000827283 0.002619279300544575
0.34 0.3567985310547058 -0.08923137380168489 -0.08354358185380528 0.00028582553076483873 -0.019429500243464033 0.00275481261399229
0.36000000000000004 0.37517183435221335 -0.08877869487332196 -0.08310770261670723 0.000336201958903395 -0.019273527442346144 0.0028864495065366695
0.38000000000000006 0.39301798769654256 -0.08787759799648902 -0.08227065788982098 0.00039072929558705866 -0.019019089442506302 0.0030143913476103094
0.4000000000000001 0.4103375101302549 -0.0865656506328462 -0.0810657718302061 0.00044929108287623744 -0.018674352921917055 0.0031388351688672435
0.4200000000000001 0.4271327002751376 -0.08487861762335853 -0.07952435167074744 0.0005117498724631528 -0.018247015180872017 0.003259972783500486
0.4400000000000001 0.4434074626435128 -0.08285045600851267 -0.07767580235754801 0.0005779505239606378 -0.01774432504626368 0.003377990128712718
0.46000000000000013 0.459167135437689 -0.08051332247851924 -0.07554773332872483 0.0006477233354148537 -0.017173103043662177 0.0034930667837809785
0.48000000000000015 0.4744183224239006 -0.07789759239214868 -0.07316605836624862 0.0007208869848262677 -0.016539760934517766 0.0036053756266518043
0.5000000000000001 0.4891687309866733 -0.0750318891340914 -0.07055508928122728 0.0007972512650088401 -0.015850320679707222 0.00371508260048735
0.5200000000000001 0.5034270180098737 -0.0719431224891743 -0.06773762405642317 0.0008766195985972053 -0.01511043286421703 0.003822346568281065
0.5400000000000001 0.5172026448047788 -0.06865653468251555 -0.06473502996071043 0.000958791324892018 -0.014325394599023681 0.003927319238834069
0.5600000000000002 0.5305057419220954 -0.06519575275424927 -0.06156732206311843 0.0010435637550966607 -0.013500166903561388 0.00403014515129539
0.5800000000000002 0.5433469843488703 -0.06158284599372982 -0.05825323750467809 0.0011307339970396402 -0.01263939156419533 0.004130961708369889
0.6000000000000002 0.5557374773044745 -0.05783838724069065 -0.05481030583102244 0.0012201005544940117 -0.011747407459726746 0.004229899250409571
0.6200000000000002 0.5676886526116213 -0.05398151696082388 -0.051254915644793266 0.0013114647095822756 -0.010828266343226681 0.0043270811641175294
0.6400000000000002 0.5792121754261912 -0.05003000911335376 -0.04760237780211385 0.0014046316994463647 -0.009885748069685426 0.004422624020666416
0.6600000000000003 0.590319860959748 -0.04600033794255146 -0.0438669853498854 0.0014994117003736295 -0.008923375260483837 0.004516637738791128
0.6800000000000003 0.6010236007165295 -0.041907744939207396 -0.040062070378945776 0.0015956206339441021 -0.007944427398068731 0.004609225768956048
0.7000000000000003 0.611335297687544 -0.03776630532844135 -0.03620005795100178 0.0016930808105684765 -0.00695195434709012 0.004700485295094128
0.7200000000000003 0.6212668098933025 -0.03358899354442689 -0.03229251724368508 0.0017916214260991243 -0.005948789301348992 0.004790507450721852
0.7400000000000003 0.6308299016389496 -0.0293877472490629 -0.02835021004734459 0.001891078927102359 -0.004937561159021515 0.004879377546487623
0.7600000000000003 0.6400362018367582 -0.025173529539318996 -0.024383136738551754 0.0019912972599609178 -0.003920706331605945 0.004967175306436461
0.7800000000000004 0.6488971687571417 -0.020956389066539856 -0.020400579848316176 0.0020921280183084697 -0.0029004799948014635 0.005053975110486014
0.8000000000000004 0.6574240605870613 -0.01674551786032246 -0.01641114533720915 0.0021934305024514465 -0.001878966791996348 0.005139846240816746
0.8200000000000004 0.6656279112009392 -0.012549306709977863 -0.01242280168469167 0.0022950717034674337 -0.0008580910031930206 0.005224853130086196
0.8400000000000004 0.6735195105814121 -0.008375398008505366 -0.008442916895669464 0.0023969262236337354 0.00016037380598761335 0.005309055609584561
0.8600000000000004 0.681109389363374 -0.004230736008035264 -0.0044782935234557895 0.0024988761437753633 0.0011747956390977506 0.0053925091556551365
0.8800000000000004 0.6884078070130673 -0.00012161447253406475 -0.000535201804776321 0.0026008108470609347 0.002183675410159825 0.005475265132906475
0.9000000000000005 0.695424743193137 0.003946278256076153 0.003380589000906678 0.002702626807742302 0.003185638753308411 0.005557371032940938
0.9200000000000005 0.7021698919035217 0.007967816737634706 0.007263780978724373 0.002804227352347296 0.004179428282016963 0.005638870707514308
0.9400000000000005 0.7086526580260347 0.011938398399004442 0.011109519546544147 0.0029055223999071714 0.0051638962787907685 0.005719804595221092
0.9600000000000005 0.714882155936914 0.01585390590944008 0.01491336698124357 0.0030064281869390795 0.006137997796062066 0.005800209940968444
0.9800000000000005 0.7208672098861044 0.019710671879246695 0.018671277403575586 0.0031068669821134286 0.007100784149059991 0.00588012100765702
1.0000000000000004 0.7266163558743156 0.023505445786749655 0.02237957314522849 0.0032067667948175935 0.008051396781622089 0.0059595692796287885
1.0200000000000005 0.7321378447888546 0.027235363033138543 0.026034922424819123 0.00330606108118048 0.008989061486237892 0.00603858365756944
1.0400000000000005 0.7374396465867937 0.03089791602153095 0.02963431826268194 0.0034046884505443556 0.009913082960044999 0.006117190644666693
1.0600000000000005 0.7425294553392332 0.034490927155243004 0.03317505856742169 0.003502592374857737 0.01082283967901374 0.006195414523925745
1.0800000000000005 0.7474146949733007 0.03801252365039021 0.036654727330272294 0.0035997209030117386 0.01171777907313781 0.0062732775266298915
1.1000000000000005 0.7521025255692171 0.04146111405928421 0.04007117686633885 0.0036960263817474486 0.012597412986079536 0.006350799992008759
1.1200000000000006 0.756599850088348 0.04483536640337204 0.04342251104478101 0.003791465184418794 0.013461313403384228 0.006428000518239462
1.1400000000000006 0.760913321424813 0.04813418781746691 0.04670706945290834 0.003885997448599171 0.01430910843406502 0.006504896104958238
1.1600000000000006 0.7650493496880618 0.051356705610564886 0.04992341244200679 0.003979586823266018 0.01514047853106048 0.0065815022875027485
1.1800000000000006 0.7690141096370101 0.05450224965246505 0.05307030700547387 0.004072200226081143 0.0159551529367689 0.0066578332631392085
1.2000000000000006 0.7728135481979993 0.05757033599959076 0.056146713442511056 0.004163807611101568 0.016752906340560782 0.006733902009554742
1.2200000000000006 0.7764533920091292 0.060560651677737075 0.05915177276319703 0.004254381747102072 0.01753355573585762 0.0068097203959148495
1.2400000000000007 0.7799391549425706 0.06347304054386642 0.062084794793243005 0.0043438980065628905 0.018296957465037095 0.00688529928679939
1.2600000000000007 0.7832761455643878 0.06630749015346135 0.06494524693910128 0.004432334165270759 0.019043004441076122 0.006960648639338946
1.2800000000000007 0.7864694744983387 0.06906411956427516 0.06773274357636462 0.004519670212395832 0.019771623535473175 0.007035777593877432
1.3000000000000007 0.7895240616661531 0.0717431680115523 0.07044703602655211 0.0046058881708382115 0.02048277312259639 0.007110694558487183
1.3200000000000007 0.7924446433820349 0.07434498439389377 0.07308800308943361 0.0046909719275835425 0.021176440771184465 0.0071854072876599735
1.3400000000000007 0.7952357792836675 0.07687001751288265 0.07565564209998529 0.004774907073765218 0.021852641074278933 0.007259922955492103
1.3600000000000008 0.797901859085919 0.07931880701336369 0.07815006048091529 0.004857680754099416 0.022511413609393224 0.00733424822367429
1.3800000000000008 0.8004471091468056 0.08169197497486119 0.0805714677634353 0.0049392815253367535 0.02315282102122181 0.007408389304588069
1.4000000000000008 0.8028755988381514 0.08399021810802608 0.08292016805059582 0.005019699223359409 0.023776947219664606 0.007482352019800042
1.4200000000000008 0.8051912467158401 0.08621430051321707 0.0851965528990445 0.005098924838543895 0.024383895686386558 0.007556141854234045
1.4400000000000008 0.8073978264866327 0.088365046961349 0.08740109459651836 0.00517695039900612 0.024973787883551604 0.0076297640062892875
1.4600000000000009 0.8094989727702898 0.09044333665998 0.08953433981374122 0.005253768861346174 0.02554676175876411 0.007703223434160089
1.4800000000000009 0.8114981866572054 0.0924500974702715 0.09159690361067575 0.0053293740085144405 0.026102970340621593 0.007776524898600121
1.5000000000000009 0.8133988410629941 0.09438630054293641 0.09358946377827114 0.005403760354427649 0.026642580419628567 0.007849673002361248
1.520000000000001 0.8152041858824838 0.09625295534360938 0.09551275549796716 0.005476923054972589 0.02716577130954713 0.007922672226524348
1.540000000000001 0.8169173529463984 0.098051105040228 0.09736756630225897 0.005548857825046132 0.027672733684563453 0.007995526963926842
1.560000000000001 0.8185413607846855 0.09978182222701935 0.09915473132060404 0.005619560861292303 0.028163668487934165 0.008068241549879345
1.580000000000001 0.8200791192009758 0.10144620496154555 0.1008751287958622 0.005689028770210205 0.028638785908041812 0.00814082029035182
1.600000000000001 0.821533433663077 0.10304537309298546 0.10252967585730875 0.005757258501320312 0.029098304418036448 0.008213267487797936
1.620000000000001 0.8229070095147188 0.1045804648614308 0.10411932453705723 0.0058242472850906805 0.02954244987547265 0.008285587464775134
1.640000000000001 0.8242024560139934 0.10605263374945012 0.10564505801746413 0.005889992575338901 0.029971454678566482 0.008357784585507115
1.660000000000001 0.8254222902040901 0.10746304556854323 0.10710788709777973 0.005954491995839872 0.030385556975898793 0.008429863275525107
1.680000000000001 0.8265689406220181 0.10881287576437249 0.10850884686895258 0.006017743290883622 0.030784999926579317 0.008501828039514506
1.700000000000001 0.8276447508510503 0.11010330692582498 0.10984899358609555 0.0060797442795413065 0.031170031008061264 0.008573683477484105
1.720000000000001 0.8286519829226184 0.11133552648403786 0.11112940172868167 0.006140492813411116 0.03154090136895982 0.00864543429936629
1.740000000000001 0.8295928205733546 0.112510724588515 0.11235116123906166 0.0061999867376290345 0.03189786522438062 0.008717085338148186
1.7600000000000011 0.8304693723629011 0.11363009214838253 0.11351537493038456 0.006258223854942172 0.03224117929140703 0.008788641561625924
1.7800000000000011 0.8312836746580233 0.1146948190276785 0.11462315605545927 0.006315201892654714 0.032571102262527865 0.00886010808286666
1.8000000000000012 0.8320376944884443 0.11570609238435589 0.11567562602852455 0.006370918472268336 0.03288789431491212 0.008931490169456092
1.8200000000000012 0.8327333322796943 0.11666509514340018 0.11667391229229421 0.006425371081650221 0.03319181665355299 0.009002793251602671
1.8400000000000012 0.833372424468128 0.11757300459513104 0.11761914632302208 0.006478557049572658 0.03348313108641289 0.009074022929163516
1.8600000000000012 0.8339567460031158 0.11843099111037325 0.11851246176668316 0.006530473522478389 0.03376209962980255 0.00914518497765139
1.8800000000000012 0.8344880127412566 0.11924021696475189 0.1193549926996999 0.0065811174433356824 0.034028984142322985 0.009216285353276718
1.9000000000000012 0.8349678837373045 0.12000183526489255 0.12014787200795461 0.006630485532456287 0.03428404598578859 0.00928733019707369
1.9200000000000013 0.8353979634363354 0.12071698896979445 0.12089222987812345 0.0066785742701582045 0.034527545711633405 0.009358325838154803
1.9400000000000013 0.8357798037715212 0.12138681000109322 0.12158919239564486 0.006725379881163433 0.0347597427713816 0.00942927879613394
1.9600000000000013 0.8361149061717106 0.12201241843634773 0.12223988024389781 0.006770898320628625 0.034980895249837246 0.0095001957827541
1.9800000000000013 0.8364047234828589 0.12259492177987016 0.12284540749941372 0.0068151252617139 0.035191259619718196 0.009571083702752173
2.0000000000000013 0.8366506618071858 0.12313541430597628 0.1234068805181803 0.006858056084601964 0.03539109051652454 0.00964194965398971
2.0200000000000014 0.8368540822637852 0.12363497646986406 0.12392539690831951 0.006899685866886136 0.035580640532493914 0.009712800926875551
2.0400000000000014 0.8370163026742559 0.12409467438163635 0.124402044584633 0.006940009375251922 0.03576016002855435 0.009783645003103195
2.0600000000000014 0.8371385991767728 0.12451555933926929 0.12483790090071051 0.006979021058382499 0.0359298969632405 0.009854489553723141
2.0800000000000014 0.8372222077718736 0.1248986674165928 0.12523403185448806 0.00701671504102375 0.036090096737590865 0.009925342436567947
2.1000000000000014 0.8372683258030899 0.12524501910259728 0.1255914913633262 0.007053085119149493 0.036241002055093355 0.00999621169304553
2.1200000000000014 0.8372781133754208 0.12555561898860987 0.12591132060485297 0.0070881247561721495 0.036382852795792474 0.010067105544314134
2.1400000000000015 0.8372526947145099 0.12583145550009847 0.12619454741998304 0.00712182708014849 0.036515885903716204 0.01013803238685051
2.1600000000000015 0.83719315946926 0.1260735006700608 0.1264421857746843 0.007154184881934084 0.03664033528682191 0.010209000787421176
2.1800000000000015 0.8371005639604981 0.12628270995114266 0.1266552352772156 0.007185190614243885 0.03675643172870062 0.010280019477465046
2.2000000000000015 0.8369759323781848 0.12646002206380394 0.12683468074770574 0.007214836391579867 0.0368644028113165 0.010351097346894366
2.2200000000000015 0.8368202579295446 0.1266063588780131 0.12698149183708435 0.0072431139909898985 0.03696447284809411 0.01042224343731962
2.2400000000000015 0.8366345039403926 0.12672262532610415 0.12709662269250924 0.007270014853625075 0.03705686282669997 0.01049346693470302
2.2600000000000016 0.8364196049118201 0.1268097093445718 0.12718101166656462 0.0072955300870655385 0.037141790360897244 0.01056477716144422
2.2800000000000016 0.8361764675343066 0.1268684818427158 0.12723558106762797 0.007319650468387419 0.03721946965088297 0.010636183567901079
2.3000000000000016 0.8359059716612296 0.1268997966961689 0.12726123694892286 0.0073423664479459645 0.037290111451546454 0.010707695723347614
2.3200000000000016 0.8356089712436491 0.1269044907634631 0.12725886893388924 0.007363668153852152 0.03735392304811521 0.01077932330637077
2.3400000000000016 0.8352862952281607 0.12688338392389706 0.12722935007561287 0.007383545397122134 0.03741110823868119 0.010851076094707163
2.3600000000000017 0.8349387484195224 0.1268372791350737 0.127173536748161 0.007401987677480796 0.03746186732312517 0.010922963954520729
2.3800000000000017 0.834567112309686 0.12676696250857356 0.1270922685677737 0.007418984189802454 0.03750639709798106 0.01099499682912199
2.4000000000000017 0.8341721458747822 0.12667320340232205 0.12698636834195698 0.007434523831173338 0.03754489085680471 0.011067184727129727
2.4200000000000017 0.8337545863415403 0.12655675452829568 0.12685664204461902 0.007448595208561977 0.03757753839563331 0.011139537710075913
2.4400000000000017 0.8333151499245529 0.12641835207429356 0.12670387881547995 0.007461186647084995 0.03760452602314216 0.011212065879455077
2.4600000000000017 0.8328545325357272 0.12625871583857834 0.12652885098207356 0.0074722861988570114 0.03762603657512527 0.01128477936321973
2.4800000000000018 0.8323734104672061 0.1260785493762626 0.1263323141027418 0.007481881652414534 0.03764224943294462 0.011357688301724067
2.5000000000000018 0.8318724410489791 0.12587854015638592 0.12611500702910397 0.007489960542704701 0.037653340545610994 0.011430802833118975
2.520000000000002 0.831352263282345 0.1256593597286927 0.12587765198655929 0.0074965101616306885 0.03765948245517586 0.01150413307820238
2.540000000000002 0.8308134984503391 0.12542166389918094 0.1256209546714545 0.007501517569146397 0.037660844325129963 0.011577689124730166
2.560000000000002 0.8302567507061778 0.1251660929135518 0.12534560436362177 0.007504969604893801 0.03765759197151942 0.011651481011194308
2.580000000000002 0.8296826076407304 0.12489327164774222 0.1250522740530568 0.007506852900376972 0.03764988789650463 0.011725518710076616
2.600000000000002 0.829091640829979 0.12460380980477648 0.12474162057957629 0.007507153891667351 0.0376378913241011 0.011799812110588415
2.620000000000002 0.8284844063633791 0.12429830211721953 0.12441428478435324 0.007505858832635372 0.037621758237854054 0.011874371000908735
2.640000000000002 0.8278614453539954 0.12397732855456271 0.12407089167229135 0.0075029538087039065 0.03760164142021143 0.011949205049936273
2.660000000000002 0.8272232844312438 0.12364145453491478 0.12371205058425584 0.0074984247511193656 0.03757769049337129 0.012024323788573302
2.680000000000002 0.82657043621703 0.12329123114041309 0.12333835537823414 0.007492257451736549 0.03755005196139093 0.01209973659056311
2.700000000000002 0.825903399786042 0.12292719533580843 0.12295038461855212 0.0074844375783135395 0.03751886925335553 0.012175452652906416
2.720000000000002 0.8252226611109141 0.12254987018971426 0.12254870177232301 0.007474950690313063 0.037484282767414036 0.012251480975886497
2.740000000000002 0.824528693492948 0.12215976509804584 0.12213385541235398 0.007463782255206795 0.03744642991549984 0.01232783034273768
2.760000000000002 0.823821957979043 0.12175737600920702 0.12170637942578161 0.007450917665279089 0.03740544516856212 0.012404509298997314
2.780000000000002 0.8231029037654578 0.12134318565061512 0.12126679322775237 0.007436342254926522 0.037361460102143036 0.012481526131587478
2.800000000000002 0.8223719685889946 0.12091766375618253 0.12081560197950648 0.007420041318449543 0.03731460344214364 0.012558888847679518
2.820000000000002 0.821629579106168 0.12048126729440178 0.12035329681026287 0.007402000128332264 0.037265001110629026 0.012636605153402173
2.840000000000002 0.8208761512608945 0.12003444069670823 0.11988035504234365 0.00738220395400619 0.03721277627153108 0.012714682432462546
2.860000000000002 0.8201120906412126 0.11957761608581773 0.11939724041901141 0.00736063808109334 0.037158049376113805 0.012793127724758564
2.880000000000002 0.8193377928255147 0.11911121350376186 0.118904403334529 0.007337287831123792 0.03710093820807333 0.012871947705072015
2.900000000000002 0.8185536437187516 0.11863564113936431 0.1184022810659848 0.007312138581722234 0.03704155792815108 0.01295114866194275
2.920000000000002 0.817760019879045 0.11815129555492394 0.1178912980064585 0.0072851757872575106 0.0369800211181452 0.013030736476837213
2.940000000000002 0.8169572888351191 0.11765856191188923 0.11737186589913308 0.007256384999948588 0.03691643782421148 0.013110716603738326
2.960000000000002 0.8161458093949435 0.11715781419532809 0.11684438407198793 0.007225751891419604 0.0368509155993514 0.013191094049298815
2.980000000000002 0.8153259319459549 0.11664941543701446 0.11630923967273593 0.007193262274695965 0.03678355954499099 0.01327187335371639
3.000000000000002 0.8144979987472057 0.11613371793696976 0.11576680790369416 0.007158902126632521 0.03671447235156076 0.013353058572506923
3.0200000000000022 0.813662344213768 0.11561106348331339 0.11521745225630318 0.007122657610763971 0.03664375433799321 0.013434653259370663
3.0400000000000023 0.8128192951936989 0.11508178357029074 0.11466152474503437 0.007084515100566607 0.036571503490061406 0.01351666045036675
3.0600000000000023 0.8119691712378561 0.11454619961436198 0.11409936614044831 0.007044461203119412 0.0364978154974889 0.013599082649632643
3.0800000000000023 0.8111122848628322 0.11400462316824711 0.11353130620118955 0.007002482783151289 0.036422783789769056 0.013681921816907446
3.1000000000000023 0.8102489418072568 0.11345735613283628 0.11295766390472471 0.006958566987459946 0.036346499570639755 0.013765179357141142
3.1200000000000023 0.8093794412816977 0.11290469096688494 0.11237874767665194 0.00691270126968656 0.036269051851168244 0.013848856112495343
3.1400000000000023 0.8085040762123727 0.11234691089442528 0.11179485561842936 0.006864873415428829 0.03619052748141042 0.01393295235706462
3.1600000000000024 0.8076231334788659 0.11178429010983518 0.11120627573339026 0.006815071567673455 0.03611101118061927 0.01401746779467039
3.1800000000000024 0.8067368941460233 0.11121709398051592 0.1106132861509316 0.006763284252527388 0.03603058556598886 0.014102401560100944
3.2000000000000024 0.805845633690184 0.11064557924713847 0.11001615534878019 0.006709500405225371 0.03594933117993266 0.014187752224190395
3.2200000000000024 0.8049496222198849 0.11006999422142737 0.10941514237326012 0.00665370939638939 0.03586732651590931 0.01427351780314536
3.2400000000000024 0.8040491246911576 0.10949057898145811 0.10881049705750134 0.006595901058513649 0.03578464804282396 0.014359695772539174
3.2600000000000025 0.8031444011175193 0.10890756556445255 0.10820246023754793 0.006536065712646517 0.035701370228050464 0.014446283086398221
3.2800000000000025 0.8022357067747369 0.1083211781570624 0.10759126396634053 0.00647419419523872 0.03561756555913777 0.01453327620180137
3.3000000000000025 0.8013232924004297 0.10773163328313781 0.1069771317255641 0.006410277885124673 0.03553330456428361 0.014620671109399453
3.3200000000000025 0.8004074043885514 0.10713913998898443 0.10636027863536933 0.006344308730601445 0.03544865583167995 0.014708463370234896
3.3400000000000025 0.7994882849787787 0.1065439000261158 0.10574091166199005 0.006276279276567355 0.035363686027856556 0.014796648159199222
3.3600000000000025 0.7985661724408092 0.10594610803151462 0.1051192298232952 0.006206182691679579 0.03527845991517229 0.014885220315405704
3.3800000000000026 0.7976413012535569 0.10534595170541972 0.10449542439232794 0.006134012795487544 0.03519304036862747 0.014974174399672888
3.4000000000000026 0.7967139022792125 0.10474361198665928 0.10386967909889659 0.0060597640854961965 0.035107488392193444 0.015063504759209631
3.4200000000000026 0.7957842029321164 0.10413926322555406 0.10324217032929395 0.005983431764110535 0.035021863134878185 0.015153205599461247
3.4400000000000026 0.7948524273423776 0.1035330733544175 0.10261306732423146 0.0059050117654101345 0.034936221906766894 0.015243271062917606
3.4600000000000026 0.7939187965141512 0.10292520405568126 0.10198253237508112 0.005824500781699746 0.03485062019529383 0.015333695314496725
3.4800000000000026 0.7929835284784729 0.10231581092767558 0.10135072101852148 0.005741896289779544 0.03476511168201412 0.01542447263290193
3.5000000000000027 0.7920468384405338 0.10170504364809668 0.1007177822296862 0.005657196576876148 0.03467974826015139 0.015515597507108979
3.5200000000000027 0.791108938921266 0.10109304613519081 0.1000838586139072 0.005570400766173375 0.034594580053195816 0.015607064736875684
3.5400000000000027 0.7901700398930965 0.10047995670668716 0.09944908659713807 0.0054815088418796514 0.03450965543481772 0.01569886953588682
3.5600000000000027 0.789230348909722 0.09986590823650826 0.09881359661512736 0.005390521673767379 0.03442502105034083 0.015791007635860412
3.5800000000000027 0.7882900712297473 0.09925102830928656 0.09817751330139243 0.005297441041118198 0.034340721839987313 0.015883475389659587
3.6000000000000028 0.7873494099340308 0.09863543937271234 0.09754095567401816 0.0052022696560072215 0.034256801064061135 0.015976269871191
3.6200000000000028 0.7864085660365805 0.09801925888773601 0.09690403732127283 0.005105011185858918 0.03417330033017838 0.01606938896964334
3.640000000000003 0.7854677385888488 0.09740259947664398 0.09626686658599731 0.005005670275207466 0.034090259622582435 0.01616283147544509
3.660000000000003 0.784527124777286 0.09678556906902362 0.09562954674868128 0.004904252566595145 0.03400771733349993 0.01625659715521828
3.680000000000003 0.7835869200140255 0.09616827104562843 0.09499217620909589 0.004800764720543745 0.033925710296402685 0.016350686812991934
3.700000000000003 0.7826473180205925 0.09555080438015041 0.09435484866630689 0.004695214434535994 0.03384427382094466 0.016445102335030104
3.720000000000003 0.781708510904554 0.09493326377890231 0.0937176532968473 0.004587610460946776 0.03376344172924546 0.016539846715835776
3.740000000000003 0.7807706892290539 0.09431573981840839 0.09308067493078759 0.0044779626238672845 0.0336832463930984 0.016634924063217812
3.760000000000003 0.7798340420752117 0.09369831908089794 0.09244399422540586 0.004366281834769269 0.03360371877159661 0.016730339580751222
3.780000000000003 0.7788987570973965 0.09308108428769357 0.09180768783613481 0.004252580106961146 0.03352488844860154 0.016826099526509975
3.800000000000003 0.77796502057143 0.09246411443048308 0.09117182858444631 0.004136870568792799 0.03344678366942842 0.016922211147587112
3.820000000000003 0.7770330174358089 0.09184748490046209 0.0905364856223319 0.0040191674755713485 0.03336943137609824 0.017018682590611702
3.840000000000003 0.7761029313260815 0.09123126761533448 0.08990172459304897 0.003899486220155888 0.033292857240507526 0.01711552278919276
3.860000000000003 0.7751749446025514 0.09061553114415688 0.08926760778782636 0.0037778433422050186 0.033217085694897404 0.017212741329929386
3.880000000000003 0.77424923837152 0.09000034083001543 0.08863419429826223 0.003654256536056806 0.03314213995906139 0.017310348299286
3.900000000000003 0.7733259925003169 0.08938575891052421 0.08800154016419562 0.0035287446572264724 0.0330680420638139 0.017408354114205892
3.920000000000003 0.7724053856263963 0.08877184463613769 0.08736969851689166 0.003401327727512469 0.03299481287034534 0.01750676933979496
3.940000000000003 0.7714875951608074 0.08815865438627213 0.08673871971744399 0.0032720269387065456 0.032922472085207925 0.017605604497728196
3.960000000000003 0.7705727972863636 0.08754624178323446 0.08610865149036433 0.003140864654907875 0.03285103827080348 0.017704869869201504
3.980000000000003 0.7696611669508538 0.08693465780396005 0.08547953905239421 0.0030078644134451833 0.03278052885137338 0.017804575296268384
4.000000000000003 0.7687528778556466 0.08632395088956404 0.08485142523663355 0.0028730509244140824 0.03271096011461396 0.017904729985272615
4.020000000000002 0.7678481024400376 0.08571416705271363 0.08422435061213487 0.00273645006883945 0.03264234720915427 0.018005342315830883
4.040000000000002 0.7669470118616911 0.08510534998283065 0.08359835359915481 0.0025980888954747427 0.03257470413823013 0.018106419658456115
4.060000000000001 0.766049775973512 0.0844975411491362 0.08297347058028898 0.0024579956162515708 0.03250804374996779 0.018207968203470717
4.080000000000001 0.7651565632972765 0.08389077990154917 0.08234973600773701 0.002316199600393845 0.032442377724748915 0.01830999280336776
4.1000000000000005 0.7642675409943265 0.0832851035694512 0.08172718250695593 0.0021727313672113223 0.03237771656016653 0.018412496830265825
4.12 0.7633828748336146 0.08268054755833086 0.08110584097696112 0.0020276225775875817 0.032314069554099954 0.01851548204959542
4.14 0.7625027291573645 0.08207714544431845 0.08048574068752526 0.001880906024177396 0.03225144478643683 0.018618948510673014
4.159999999999999 0.7616272668445856 0.08147492906662175 0.07986690937351014 0.0017326156203282795 0.03218984909995555 0.018722894454380003
4.179999999999999 0.7607566492726577 0.08087392861787149 0.07924937332654475 0.0015827863877406834 0.03212928808085397 0.018827316237779675
4.199999999999998 0.7598910362771797 0.08027417273238363 0.07863315748423785 0.0014314544428810742 0.03206976603937376 0.018932208275182178
4.219999999999998 0.7590305861102501 0.07967568857234313 0.0780182855170854 0.0012786569821619186 0.03201128599092691 0.019037562994908424
4.2399999999999975 0.7581754553973314 0.0790785019119123 0.0774047799132046 0.0011244322659025637 0.031953849638084474 0.019143370810806862
4.259999999999997 0.7573257990928279 0.07848263721926435 0.07679266206099837 0.0009688196010851166 0.03189745735373993 0.019249620107438817
4.279999999999997 0.7564817704344925 0.07788811773654113 0.0761819523298269 0.0008118593229197677 0.03184210816571266 0.019356297237761957
4.299999999999996 0.7556435208967642 0.07729496555773234 0.07557267014873847 0.0006535927752345596 0.03178779974301194 0.019463386532100967
4.319999999999996 0.7548112001431267 0.07670320170447159 0.07496483408328927 0.0004940622897054227 0.03173452838394031 0.01957087031719151
4.339999999999995 0.7539849559775698 0.07611284619974401 0.07435846191046261 0.00033331116394331897 0.03168228900617709 0.019678728944111
4.359999999999995 0.7531649342952287 0.07552391813949819 0.0737535706916816 0.00017138363845662375 0.03163107513894919 0.01978694082396006
4.379999999999995 0.7523512790322755 0.07493643576215564 0.07315017684389585 8.324872508343498e-06 0.031580878917366606 0.01989548247022567
4.399999999999994 0.7515441321151302 0.07435041651600947 0.07254829620871192 -0.00015581908111053956 0.031531691078974904 0.020004328546835114
4.419999999999994 0.750743633409062 0.07376587712450418 0.07194794411952923 -0.0003210013023684735 0.03148350096255503 0.020113451920994244
4.439999999999993 0.7499499206662544 0.07318283364938909 0.07134913546663822 -0.0004871740313163708 0.031436296509183406 0.02022282371999057
4.459999999999993 0.7491631294734047 0.07260130155173765 0.07075188476023286 -0.0006542886964190552 0.031390064265549744 0.020332413391228005
4.479999999999992 0.7483833931989398 0.07202129575082532 0.07015620619128847 -0.0008222959438656887 0.031344789389518436 0.02044218876484364
4.499999999999992 0.7476108429399287 0.0714428306808608 0.06956211369025635 -0.0009911456678275516 0.03130045565790941 0.02055211611833613
4.519999999999992 0.7468456074687815 0.07086592034556516 0.068969620983527 -0.0011607870416292167 0.031257045476466364 0.02066216024270877
4.539999999999991 0.7460878131798263 0.07029057837059562 0.06837874164761695 -0.0013311685497969274 0.031214539891974268 0.020772284509697755
4.559999999999991 0.7453375840358671 0.06971681805381183 0.06778948916103661 -0.0015022380209457344 0.0311729186064828 0.020882450939717218
4.57999999999999 0.7445950415148244 0.06914465241338433 0.0672018769538017 -0.0016739426614647346 0.031132159993588503 0.020992620270206822
4.59999999999999 0.7438603045565713 0.06857409423374689 0.06661591845455464 -0.001846229089957655 0.031092241116725136 0.021102752024116114
4.6199999999999894 0.7431334895100817 0.06800515610939609 0.06603162713526735 -0.002019043372393987 0.03105313774940889 0.021212804578301818
4.639999999999989 0.7424147100810102 0.06743785048654413 0.06544901655350271 -0.0021923310579239786 0.03101482439738303 0.02132273523165088
4.659999999999989 0.7417040772798291 0.06687218970263246 0.06486810039221703 -0.0023660372153089916 0.030977274322604265 0.02143250027277356
4.679999999999988 0.741001699370653 0.06630818602371681 0.06428889249709172 -0.0025401064699171164 0.030940459569011508 0.021542055047137583
4.699999999999988 0.7403076818208808 0.06574585167973591 0.06371140691138778 -0.00271448304123245 0.030904350990015678 0.02165135402353719
4.719999999999987 0.7396221272517912 0.06518519889767965 0.06313565790832339 -0.0028891107808251457 0.030868918277647893 0.021760350859809856
4.739999999999987 0.7389451353902252 0.06462623993267368 0.06256166002097904 -0.0030639332107282183 0.030834129993301356 0.02186899846772933
4.7599999999999865 0.7382768030214932 0.0640689870970009 0.061989428069741406 -0.0032388935621661136 0.030799953600000887 0.021977249077016675
4.779999999999986 0.7376172239436419 0.0635134527870827 0.06141897718730231 -0.0034139348145793644 0.03076635549613237 0.022085054298421735
4.799999999999986 0.7369664889232164 0.06295964950844488 0.060850322841234 -0.0035889997348890488 0.03073330105056269 0.0221923651858361
4.819999999999985 0.7363246856526487 0.062407589898696304 0.0602834808541676 -0.0037640309169443787 0.03070075463907935 0.022299132297405513
4.839999999999985 0.7356918987094063 0.06185728674855039 0.059718467421606254 -0.003938970821096666 0.030668679682077232 0.022405305755615352
4.859999999999984 0.735068209517023 0.0613087530209221 0.05915529912740916 -0.004113761813842852 0.030637038683418688 0.022510835306327
4.879999999999984 0.7344536963081391 0.06076200186813544 0.05859399295698705 -0.0042883462074820265 0.03060579327039153 0.022615670376746434
4.8999999999999835 0.733848434089665 0.06021704664727916 0.05803456630825445 -0.004462666299728798 0.03057490423468853 0.022719760132308937
4.919999999999983 0.7332524946101836 0.0596739009337497 0.057477037000387365 -0.0046366644132279 0.030544331574330508 0.022823053532465786
4.939999999999983 0.7326659463296938 0.059132578533023665 0.056921423280439365 -0.004810282934915219 0.03051403453645443 0.02292549938536036
4.959999999999982 0.7320888543917985 0.058593093490702956 0.056367743827871825 -0.004983464355171316 0.03048397166088668 0.023027046401382194
4.979999999999982 0.7315212805984248 0.0580554601008787 0.05581601775705834 -0.005156151306714599 0.0304541008244214 0.023127643245588397
4.999999999999981 0.7309632833871651 0.057519692912861214 0.05526626461782534 -0.005328286603182546 0.030424379285722964 0.02322723858898255
5.019999999999981 0.7304149178113116 0.05698580673632477 0.054718504394093946 -0.0054998132773507085 0.030394763730771428 0.023325781158641715
5.0399999999999805 0.7298762355226551 0.056453816644918456 0.05417275750069108 -0.005670674618940754 0.0303652103187699 0.023423219786682655
5.05999999999998 0.7293472847571061 0.05592373797839446 0.05362904477839901 -0.005840814211970394 0.030335674728432568 0.023519503458058852
5.07999999999998 0.7288281103231886 0.05539558634330732 0.05308738748731523 -0.00601017597159972 0.030306112204572664 0.02361458135718022
5.099999999999979 0.7283187535934499 0.054869377612338545 0.05254780729859611 -0.006178704180430379 0.030276477604910246 0.02370840291334799
5.119999999999979 0.7278192524988171 0.054345127922301714 0.05201032628465854 -0.006346343524215792 0.03024672544702021 0.023800917844997632
5.139999999999978 0.7273296415259255 0.053822853670884185 0.05147496690791577 -0.006513039126942691 0.030216809955342188 0.023892076202743195
5.159999999999978 0.7268499517174329 0.05330257151218224 0.0509417520081239 -0.0066787365852462015 0.030186685108175036 0.023981828411217158
5.1799999999999775 0.726380210675326 0.05278429835108695 0.05041070478841652 -0.006843382002122801 0.03015630468458008 0.02407012530970033
5.199999999999977 0.7259204425672149 0.05226805133657808 0.04988184880010496 -0.007006922019907596 0.030125622311118826 0.024156918191537213
5.219999999999977 0.7254706681356063 0.05175384785398433 0.04935520792632243 -0.007169303852484512 0.03009459150835277 0.024242158842332905
5.239999999999976 0.7250309047101334 0.051241705516267284 0.048830806364589384 -0.007330475316700147 0.030063165737034613 0.024325799576928504
5.259999999999976 0.7246011662227151 0.05073164215438724 0.04830866860837819 -0.007490384862954197 0.030031298443922667 0.02440779327515276
5.279999999999975 0.7241814632256096 0.050223675806808296 0.04778881942775384 -0.007648981604941533 0.029998943107152218 0.024488093416348715
5.299999999999975 0.7237718029123184 0.049717824708200395 0.04727128384916758 -0.007806215348523194 0.029966053281100222 0.024566654112674967
5.3199999999999745 0.7233721891412898 0.04921410727739438 0.0467560871344785 -0.00796203661970567 0.029932582640682028 0.024643430141182195
5.339999999999974 0.7229826224623663 0.04871254210464693 0.046243254759278055 -0.008116396691709991 0.029898485025021626 0.024718376974666615
5.359999999999974 0.7226031001459117 0.04821314793827094 0.04573281239059115 -0.00826924761111418 0.0298637144804397 0.024791450811302976
5.379999999999973 0.7222336162145473 0.047715943670685455 0.04522478586402523 -0.00842054222305473 0.029828225302706277 0.024862608603060835
5.399999999999973 0.7218741614774256 0.04722094832393963 0.044719201160438524 -0.008570234195474718 0.029791972078507933 0.024931808082908815
5.419999999999972 0.7215247235669577 0.04672818103476323 0.044216084382196305 -0.008718278042408144 0.02975490972608237 0.024999007790812607
5.439999999999972 0.721185286977914 0.04623766103919548 0.04371546172908241 -0.008864629146291943 0.029716993534975967 0.025064167098533464
5.4599999999999715 0.7208558331088054 0.04574940765684292 0.04321735947393166 -0.009009243779298995 0.029678179204883123 0.02512724623323501
5.479999999999971 0.7205363403054572 0.04526344027481529 0.04272180393804629 -0.009152079123687195 0.02963842288352896 0.02518820629990705
5.499999999999971 0.7202267839066762 0.04477977833138803 0.04222882146645875 -0.009293093291161358 0.02959768120356023 0.02524700930261612
5.51999999999997 0.719927136291915 0.04429844129943743 0.041738438403099515 -0.009432245341246393 0.029555911318411867 0.025303618164593443
5.53999999999997 0.7196373669308325 0.04381944866969419 0.041250681065927844 -0.009569495298671685 0.029513070937119943 0.025357996747171683
5.559999999999969 0.7193574424346474 0.043342819933858745 0.040765575722080234 -0.009704804169768207 0.029469118358054328 0.02541010986758301
5.579999999999969 0.7190873266091806 0.04286857456762096 0.04028314856308998 -0.009838133957881214 0.029424012501547615 0.025459923315631544
5.599999999999969 0.7188269805094819 0.0423967320136245 0.03980342568022763 -0.009969447677802777 0.029377712941399188 0.025507403869254167
5.619999999999968 0.718576362495934 0.04192731166441559 0.03932643304001181 -0.010098709369229667 0.029330179935236577 0.025552519308984327
5.639999999999968 0.7183354282917284 0.04146033284541317 0.038852196459935553 -0.010225884109253298 0.029281374453718503 0.025595238431334228
5.659999999999967 0.7181041310416055 0.04099581479793664 0.03838074158445226 -0.01035093802388957 0.029231258208566768 0.025635531061111334
5.679999999999967 0.717882421371755 0.040533776662325494 0.037912093861262534 -0.010473838298657499 0.029179793679416696 0.025673368062685768
5.699999999999966 0.7176702474507678 0.04007423746118352 0.03744627851794102 -0.010594553188216508 0.029126944139478163 0.025708721350225654
5.719999999999966 0.7174675550515386 0.03961721608277878 0.036983320538940316 -0.010713052025073184 0.02907267368000173 0.025741563896918063
5.739999999999966 0.7172742876140127 0.0391627312646285 0.03652324464300588 -0.010829305227369067 0.029016947233546374 0.02577186974319347
5.759999999999965 0.7170903863086774 0.0387108015772969 0.036066075261034586 -0.010943284305761997 0.028959730596047773 0.025799614003972293
5.779999999999965 0.7169157901006963 0.03826144540843248 0.03561183651440704 -0.011054961869414005 0.028900990447687944 0.02582477287495212
5.799999999999964 0.7167504358145896 0.03781468094706871 0.03516055219382104 -0.011164311631099651 0.028840694372568965 0.025847323637954864
5.819999999999964 0.7165942581993634 0.037370526168212 0.03471224573865241 -0.011271308411449053 0.028778810877195537 0.025867244665353048
5.839999999999963 0.7164471899939941 0.036928998817737854 0.03426694021686626 -0.01137592814234059 0.028715309407772657 0.025884515423594906
5.859999999999963 0.7163091619931783 0.036490116397615645 0.03382465830550064 -0.011478147869458642 0.028650160366326508 0.02589911647584802
5.879999999999963 0.7161801031132565 0.036053896151480413 0.03338542227174196 -0.011577945754032128 0.02858333512565811 0.025911029483781364
5.899999999999962 0.7160599404582282 0.03562035505056863 0.032949253954609486 -0.011675301073770045 0.02851480604314069 0.025920237208505826
5.919999999999962 0.7159485993857719 0.03518950978003383 0.032516174747264995 -0.011770194223010512 0.028444546473373224 0.025926723510693278
5.939999999999961 0.7158460035731932 0.03476137672565624 0.03208620557996119 -0.011862606712100073 0.02837253077970371 0.025930473349894324
5.959999999999961 0.7157520750832203 0.03433597196095926 0.031659366903640906 -0.011952521166020332 0.02829873434463694 0.025931472783074956
5.9799999999999605 0.7156667344295765 0.0339133112347446 0.0312356786741976 -0.012039921322279054 0.028223133579142596 0.025929708962392134
5.99999999999996 0.715589900642256 0.03349340995905609 0.030815160337405615 -0.012124792028083177 0.028145705930880532 0.02592517013222851
6.01999999999996 0.7155214913324365 0.03307628319758158 0.030397830814527484 -0.012207119236811214 0.02806642989136089 0.02591784562550632
6.039999999999959 0.7154614227569637 0.0326619456545006 0.029983708488603843 -0.012286890003802599 0.027985285002057637 0.02590772585930032
6.059999999999959 0.7154096098823467 0.032250411663784534 0.029572811191429807 -0.012364092481481695 0.02790225185949467 0.02589480232976974
6.079999999999958 0.7153659664482055 0.03184169517895509 0.02916515619122082 -0.012438715913834055 0.027817312119324502 0.025879067606428833
6.099999999999958 0.715330405030116 0.031435809763305456 0.028760760180969232 -0.012510750630252691 0.02773044849941995 0.02586051532577572
6.1199999999999575 0.7153028371018004 0.031032768580587723 0.028359639267491556 -0.012580188038771964 0.027641644781999833 0.02583914018429886
6.139999999999957 0.7152831730966147 0.030632584386169278 0.02796180896116566 -0.012647020618706732 0.027550885814810126 0.025814937930880442
6.159999999999957 0.7152713224682866 0.03023526951865955 0.027567284166355222 -0.012711241912714314 0.027458157511382426 0.02578790535861568
6.179999999999956 0.7152671937508626 0.02984083589200802 0.027176079172518373 -0.0127728465182967 0.027363446850391816 0.02575804029606693
6.199999999999956 0.715270694617823 0.029449294988073194 0.026788207645996008 -0.012831830078760433 0.027266741874136587 0.025725341597971255
6.219999999999955 0.7152817319403298 0.02906065784966185 0.026403682622474674 -0.012888189273651365 0.027168031686162487 0.025689809135419798
6.239999999999955 0.7153002118445722 0.028674935074036595 0.026022516500117502 -0.012941921808681426 0.027067306448054208 0.02565144378552726
6.2599999999999545 0.7153260397681787 0.028292136806889343 0.0256447210333563 -0.01299302640516438 0.026964557375417083 0.025610247420609352
6.279999999999954 0.7153591205156691 0.027912272736777755 0.025270307327336875 -0.01304150278897742 0.026859776733071977 0.025566222896886016
6.299999999999954 0.7153993583129181 0.027535352090020646 0.024899285833008915 -0.013087351679065197 0.02675295782948638 0.02551937404272785
6.319999999999953 0.7154466568606095 0.027161383626048106 0.024531666342851276 -0.013130574775502843 0.02664409501046476 0.025469705646462996
6.339999999999953 0.7155009193866585 0.026790375633201316 0.02416745798722254 -0.01317117474713426 0.0265331836521211 0.025417223443761485
6.359999999999952 0.7155620486975858 0.02642233592497653 0.023806669231326447 -0.01320915521880178 0.02642022015315655 0.025361934104613754
6.379999999999952 0.7156299472288254 0.026057271836707453 0.0234493078727812 -0.013244520758183189 0.02630520192646511 0.025303845219919876
6.3999999999999515 0.7157045170939541 0.025695190222679132 0.023095381039780878 -0.013277276862251733 0.026188127390089824 0.025242965287705615
6.419999999999951 0.7157856601328292 0.02533609745366686 0.02274489518983707 -0.013307429943374768 0.02606899595755219 0.025179303698981456
6.439999999999951 0.7158732779586268 0.024979999414892703 0.022397856109088506 -0.013334987315066268 0.025947808027577117 0.025112870723260176
6.45999999999995 0.7159672720037716 0.024626901504391837 0.022054268912165543 -0.013359957177408387 0.0258245649732355 0.025043677493748574
6.47999999999995 0.7160675435647537 0.024276808631780996 0.021714138042596788 -0.013382348602156948 0.0256992691305265 0.024971735992228482
6.499999999999949 0.7161739938458258 0.023929725217420404 0.021377467273744146 -0.013402171517545542 0.025571923786421105 0.024897059033642095
6.519999999999949 0.7162865240015829 0.02358565519196101 0.021044259710253036 -0.013419436692802801 0.025442533166388604 0.024819660250396374
6.5399999999999485 0.7164050351784191 0.023244601996267888 0.02071451779000358 -0.013434155722397036 0.02531110242142705 0.024739554076400955
6.559999999999948 0.7165294285548662 0.02290656858171102 0.020388243286548983 -0.013446341010022341 0.025177637614618737 0.02465675573085385
6.579999999999948 0.7166596053808137 0.022571557410814114 0.020065437312026937 -0.01345600575234005 0.025042145707231366 0.024571281201788975
6.599999999999947 0.7167954670156158 0.02223957045825208 0.01974610032052954 -0.01346316392248916 0.024904634544385233 0.02448314722939928
6.619999999999947 0.716936914965089 0.021910609212187696 0.019430232111917675 -0.01346783025337914 0.024765112840306552 0.02439237128914897
6.639999999999946 0.7170838509174079 0.0215846746759378 0.019117831836065153 -0.013470020220778407 0.024623590163186698 0.02429897157468823
6.659999999999946 0.7172361767779046 0.021261767369959193 0.018808897997518267 -0.013469750026211423 0.024480076919666808 0.02420296698058346
6.6799999999999455 0.717393794702783 0.02094188733414456 0.018503428460556352 -0.013467036579677294 0.02433458433896695 0.024104377084875957
6.699999999999945 0.7175566071317535 0.020625034130418295 0.018201420454638604 -0.013461897482202449 0.024187124456678647 0.02400322213148167
6.719999999999945 0.7177245168196029 0.020311206845622647 0.017902870580223103 -0.013454351008239773 0.024037710098239306 0.023899523012444426
6.739999999999944 0.7178974268667069 0.020000404094683868 0.01760777481494329 -0.013444416087926467 0.023886354862106753 0.023793301250054903
6.759999999999944 0.7180752407484992 0.019692624024048616 0.017316128520127767 -0.013432112289212627 0.023733073102651735 0.023684578978847355
6.779999999999943 0.7182578623439096 0.01938786431538068 0.01702792644764921 -0.013417459799872265 0.023577879912785964 0.02357337892748581
6.799999999999943 0.7184451959627846 0.01908612218950801 0.01674316274708814 -0.013400479409408498 0.023420791106342886 0.023459724400551416
6.8199999999999426 0.7186371463723031 0.01878739441061024 0.016461830973197752 -0.013381192490864294 0.023261823200228147 0.023343639260242344
6.839999999999942 0.7188336188224052 0.018491677290636846 0.01618392409365569 -0.013359620982549936 0.02310099339635625 0.023225147907997342
6.859999999999942 0.7190345190702442 0.018198966693946172 0.015909434497089245 -0.013335787369698277 0.022938319563389705 0.02310427526605396
6.879999999999941 0.7192397534036826 0.01790925804215573 0.015638354001360415 -0.013309714666058643 0.022773820218296638 0.022981046758952323
6.899999999999941 0.7194492286638442 0.017622546319193987 0.015370673862097296 -0.013281426395440055 0.022607514507742364 0.022855488294994983
6.91999999999994 0.7196628522667401 0.017338826076544356 0.015106384781458773 -0.013250946573214132 0.022439422189330326 0.02272762624767323
6.93999999999994 0.7198805322239855 0.017058091438671916 0.014845476917119467 -0.013218299687788078 0.022269563612707287 0.02259748743707014
6.95999999999994 0.7201021771626238 0.016780336108623492 0.014587939891462051 -0.013183510682057708 0.0220979597005475 0.022465099111250327
6.979999999999939 0.7203276963440745 0.016505553373792132 0.014333762800964541 -0.013146604934850592 0.021924631929430134 0.02233048892764632
6.999999999999939 0.7205569996822234 0.016233736111836834 0.014082934225769948 -0.013107608242368871 0.021749602310624037 0.022193684934451133
7.019999999999938 0.7207899977606728 0.01596487679674867 0.013835442239426336 -0.013066546799641386 0.02157289337079352 0.02205471555202654
7.039999999999938 0.7210266018491663 0.0156989675050547 0.013591274418785404 -0.013023447181994417 0.02139452813263861 0.02191360955433631
7.059999999999937 0.721266723919211 0.015435999922150844 0.013350417854047633 -0.01297833632655024 0.021214530095482822 0.0217703960504135
7.079999999999937 0.7215102766589095 0.015175965348755587 0.013112859158942959 -0.012931241513762508 0.02103292321582133 0.021625104465870775
7.099999999999937 0.7217571734870241 0.014918854707476054 0.012878584481035439 -0.01288219034899718 0.020849731887841963 0.02147776452446237
7.119999999999936 0.7220073285662869 0.014664658549478387 0.012647579512141136 -0.012831210744167714 0.02066498092393127 0.02132840622970634
7.139999999999936 0.7222606568159774 0.014413367061254638 0.012419829498848534 -0.012778330899432953 0.02047869553517758 0.02117705984657544
7.159999999999935 0.7225170739237822 0.014164970071478246 0.012195319253131005 -0.012723579284965895 0.020290901311882593 0.021023755883264765
7.179999999999935 0.7227764963569561 0.013919457057940596 0.01197403316304106 -0.01266698462280152 0.0201016242040929 0.020868525073044188
7.1999999999999345 0.7230388413728022 0.013676817154561326 0.011755955203476678 -0.012608575868771519 0.019910890502162434 0.02071139835620343
7.219999999999934 0.7233040270284873 0.013437039158464998 0.011541068947009729 -0.012548382194533643 0.01971872681735655 0.02055240686209733
7.239999999999934 0.7235719721902111 0.013200111537117257 0.011329357574767357 -0.012486432969703204 0.019525160062508252 0.020391581891298794
7.259999999999933 0.723842596541746 0.012966022435513508 0.011120803887357021 -0.012422757744094078 0.019330217432736677 0.020228954897866712
7.279999999999933 0.724115820592364 0.012734759683413506 0.010915390315826345 -0.01235738623007641 0.01913392638623776 0.02006455747173588
7.299999999999932 0.7243915656841684 0.012506310802615226 0.010713098932649007 -0.01229034828505794 0.01893631462515665 0.01989842132123584
7.319999999999932 0.724669753998846 0.012280663014261927 0.010513911462728526 -0.012221673894095722 0.018737410076551216 0.019730578255745302
7.3399999999999315 0.7249503085638573 0.012057803246176065 0.010317809294411576 -0.012151393152644938 0.018537240873455672 0.01956106016848872
7.359999999999931 0.7252331532580801 0.011837718140214191 0.010124773490503057 -0.012079536249451166 0.018335835336053107 0.019389899019481356
7.379999999999931 0.7255182128169224 0.011620394059637081 0.00993478479927528 -0.012006133449592338 0.01813322195296538 0.01921712681862893
7.39999999999993 0.7258054128369216 0.011405817096489516 0.009747823665463945 -0.011931215077676346 0.017929429362668624 0.019042775608987778
7.41999999999993 0.7260946797798435 0.01119397307898424 0.009563870241243635 -0.011854811501200357 0.017724486335042255 0.018866877450191433
7.439999999999929 0.7263859409762992 0.01098484757888495 0.009382904397176107 -0.011776953114077287 0.017518421753059215 0.018689464402049032
7.459999999999929 0.7266791246288912 0.010778425918883186 0.009204905733124666 -0.011697670320334991 0.017311264594624818 0.018510568508321012
7.4799999999999285 0.7269741598149074 0.010574693179964309 0.00902985358912818 -0.0116169935179935 0.017103043914571285 0.018330221780677315
7.499999999999928 0.7272709764885749 0.01037363420875788 0.008857727056228722 -0.011534953083125219 0.016893788826814943 0.01814845618284296
7.519999999999928 0.727569505482888 0.010175233624867793 0.008688504987246718 -0.011451579354103243 0.01668352848668254 0.017965303614936
7.539999999999927 0.7278696785110265 0.009979475828177913 0.008522166007498062 -0.011366902616042158 0.016472292073413126 0.01778079589800222
7.559999999999927 0.7281714281673747 0.00978634500612902 0.008358688525447725 -0.011280953085436191 0.016260108772841488 0.017594964758751254
7.579999999999926 0.7284746879281576 0.009595825140962948 0.008198050743294513 -0.011193760894998683 0.016047007760269 0.01740784181449808
7.599999999999926 0.7287793921517057 0.0094079000169301 0.008040230667482043 -0.011105356078707202 0.015833018183527343 0.01721945855831409
7.6199999999999255 0.7290854760783614 0.009222553227456673 0.007885206119131155 -0.011015768557058167 0.015618169146240478 0.0170298463443915
7.639999999999925 0.7293928758300399 0.009039768182267982 0.007732954744389204 -0.010925028122534684 0.015402489691289815 0.01683903637362473
7.659999999999925 0.7297015284094573 0.008859528114464468 0.007583454024691674 -0.010833164425291036 0.015186008784487354 0.016647059679412123
7.679999999999924 0.7300113716990373 0.008681816087547225 0.007436681286932256 -0.010740206959057334 0.014968755298461332 0.016453947113681335
7.699999999999924 0.7303223444595076 0.00850661500238989 0.007292613713537168 -0.01064618504726731 0.01475075799675859 0.016259729333141414
7.719999999999923 0.7306343863281998 0.008333907604153973 0.007151228352440181 -0.010551127829412147 0.01453204551816769 0.016064436785764226
7.739999999999923 0.7309474378170608 0.008163676489144777 0.007012502126954573 -0.010455064247623207 0.014312646361266466 0.01586809969749812
7.7599999999999225 0.73126144031039 0.007995904111605322 0.00687641184553891 -0.010358023033486138 0.014092588869197597 0.01567074805921612
7.779999999999922 0.7315763360623092 0.007830572790445653 0.006742934211453257 -0.01026003269508862 0.013871901214675334 0.015472411613900892
7.799999999999922 0.7318920681939799 0.0076676647159052 0.0066120458323029475 -0.01016112150430398 0.013650611385226462 0.015273119844068558
7.819999999999921 0.7322085806905736 0.007507161956145863 0.00648372322946708 -0.010061317484312524 0.013428747168668211 0.015072901959433137
7.839999999999921 0.7325258183980088 0.007349046463773849 0.0063579428474092314 -0.009960648397362446 0.013206336138825644 0.01487178688481337
7.85999999999992 0.7328437270194618 0.007193300082287896 0.006234681062867609 -0.009859141732771746 0.012983405641490723 0.014669803248283288
7.87999999999992 0.7331622531116616 0.007039904552452492 0.0061139141939228975 -0.009756824695172549 0.012759982780625182 0.014466979369567775
7.8999999999999195 0.7334813440809784 0.006888841518593842 0.005995618508941096 -0.009653724192999027 0.01253609440480891 0.014263343248684274
7.919999999999919 0.7338009481793131 0.006740092534817252 0.00587977023538992 -0.009549866827219772 0.01231176709393543 0.014058922554831354
7.939999999999919 0.7341210144997978 0.006593639071144215 0.005766345568526609 -0.009445278880315537 0.012087027146155793 0.01385374461552499
7.959999999999918 0.7344414929723155 0.006449462519567865 0.005655320679955731 -0.009339986305502816 0.011861900565071956 0.013647836405982895
7.979999999999918 0.7347623343588459 0.006307544200025367 0.00554667172605539 -0.009234014716203677 0.011636413047180539 0.013441224538757261
7.999999999999917 0.7350834902486465 0.006167865366286204 0.0054403748562705904 -0.009127389375762088 0.011410589969567567 0.013233935253616002
8.019999999999918 0.7354049130532766 0.006030407211755011 0.005336406221272503 -0.00902013518740668 0.011184456377854616 0.013025994407672405
8.039999999999917 0.7357265560014703 0.005895150875188059 0.005234741980982592 -0.00891227668445987 0.010958036974396549 0.012817427465762954
8.059999999999917 0.7360483731338675 0.005762077446322582 0.00513535831246085 -0.008803838020792865 0.010731356106730844 0.012608259491072808
8.079999999999917 0.7363703192976083 0.005631167971417794 0.005038231417657044 -0.008694842961526169 0.010504437756278233 0.012398515136008401
8.099999999999916 0.7366923501407994 0.005502403458707172 0.004943337531024706 -0.008585314873974735 0.010277305527294231 0.012188218633316268
8.119999999999916 0.7370144221068564 0.005375764883761179 0.004850652926997121 -0.00847527671883689 0.010049982636070891 0.01197739378744708
8.139999999999915 0.7373364924287322 0.005251233194759875 0.004760153927324958 -0.008364751041626116 0.009822491900387906 0.011766063966163894
8.159999999999915 0.7376585191230334 0.005128789317674966 0.004671816908275329 -0.008253759964344206 0.00959485572921201 0.011554252092393049
8.179999999999914 0.7379804609840342 0.00500841416136083 0.0045856183076920685 -0.008142325177394591 0.009367096112643403 0.011341980636316388
8.199999999999914 0.7383022775775923 0.004890088622554216 0.004501534631917236 -0.008030467931734092 0.009139234612107748 0.011129271607702992
8.219999999999914 0.738623929234971 0.0047737935907823355 0.004419542462573858 -0.007918209031261505 0.008911292350792077 0.010916146548478693
8.239999999999913 0.7389453770465765 0.004659509953179194 0.004339618463210132 -0.007805568825441025 0.008683290004322795 0.010702626525531346
8.259999999999913 0.739266582855612 0.004547218599209971 0.004261739385805391 -0.007692567202158407 0.008455247791683732 0.010488732123749579
8.279999999999912 0.7395875092516558 0.004436900425303436 0.004185882077138087 -0.007579223580807702 0.008227185466372062 0.01027448343929285
8.299999999999912 0.7399081195641688 0.004328536339392431 0.00411202348501644 -0.007465556905606158 0.007999122307789699 0.01005990007309024
8.319999999999911 0.7402283778559333 0.004222107265362432 0.004040140664372172 -0.007351585639134793 0.007771077112867625 0.00984500112456544
8.339999999999911 0.7405482489164323 0.004117594147408344 0.00397021078321806 -0.007237327756101887 0.007543068187920425 0.009629805185585063
8.35999999999991 0.7408676982551695 0.004014977954299745 0.003902211128470087 -0.007122800737326595 0.007315113340728161 0.009414330334627397
8.37999999999991 0.7411866920949369 0.003914239683554777 0.0038361191116349186 -0.007008021563939773 0.007087229872842531 0.009198594131168608
8.39999999999991 0.7415051973650337 0.003815360365523013 0.0037719122743637722 -0.006893006711798783 0.0068594345721141115 0.008982613610283066
8.41999999999991 0.7418231816944401 0.003718321067377578 0.0037095682938734515 -0.006777772146113149 0.00663174370543732 0.008766405277454562
8.439999999999909 0.7421406134049505 0.003623102897017032 0.003649064988235858 -0.006662333316277642 0.006404173011709633 0.008549985103594933
8.459999999999908 0.7424574615042702 0.0035296870068773564 0.0035903803215369978 -0.00654670515090925 0.006176737695001378 0.008333368520266424
8.479999999999908 0.7427736956790779 0.003438054597654567 0.003533492408906666 -0.006430902053084472 0.00594945241793233 0.0081165704151042
8.499999999999908 0.7430892862880598 0.0033481869219384917 0.0034783795214201533 -0.0063149378957731385 0.00572233129525119 0.007899605127435044
8.519999999999907 0.7434042043549165 0.003260065287758234 0.0034250200908733154 -0.006198826017464838 0.005495387887613881 0.007682486444088317
8.539999999999907 0.7437184215613484 0.0031736710620400227 0.0033733927144324123 -0.00608257921798404 0.005268635195556525 0.007465227595395117
8.559999999999906 0.7440319102400202 0.003088985673978015 0.0033234761591601713 -0.005966209754489797 0.005042085653658734 0.007247841251371491
8.579999999999906 0.7443446433675109 0.003005990618318732 0.00327524936641957 -0.005849729337655757 0.0048157511248928375 0.007030339518081305
8.599999999999905 0.744656594557249 0.0029246674585599185 0.0032286914561570146 -0.005733149128026186 0.0045896428951545006 0.00681273393417443
8.619999999999905 0.7449677380524381 0.0028449978300644986 0.0031837817310664722 -0.005616479732543626 0.004363771667970074 0.006595035467595754
8.639999999999905 0.7452780487189756 0.0027669634430904366 0.0031404996806362485 -0.005499731201243653 0.004138147559375938 0.0063772545124604245
8.659999999999904 0.7455875020383663 0.0026905460857373615 0.003098824985080193 -0.005382913024112007 0.003912780092964967 0.006159400886090521
8.679999999999904 0.7458960741006341 0.0026157276268106936 0.0030587375191550815 -0.005266034128099597 0.003687678195095177 0.005941483826208555
8.699999999999903 0.7462037415972348 0.0025424900186041912 0.003020217355865955 -0.005149102874290314 0.003462850190255479 0.005723511988282688
8.719999999999903 0.746510481813972 0.002470815299601859 0.0029832447700613783 -0.005032127055217085 0.0032383037965834187 0.005505493443019006
8.739999999999903 0.7468162726239187 0.002400685597100024 0.002947800241920448 -0.004915113892320876 0.003014046121529688 0.005287435673995481
8.759999999999902 0.7471210924803474 0.0023320831297506065 0.0029138644603335204 -0.004798070033547818 0.00279008365766406 0.00506934557543274
8.779999999999902 0.74742492040967 0.002264990210026494 0.0028814183261786407 -0.004681001551079309 0.002566422278617381 0.004851229450096393
8.799999999999901 0.7477277360043909 0.002199389246609988 0.002850442955495654 -0.004563913939189765 0.0023430672351541677 0.004633093007325556
8.8199999999999 0.7480295194160748 0.0021352627467053934 0.002820919682560105 -0.0044468121122268845 0.002120023151370257 0.004414941361182334
8.8399999999999 0.7483302513483311 0.002072593318276663 0.0027928300628589707 -0.004329700402709078 0.0018972940210099031 0.0041967790287168625
8.8599999999999 0.748629913049818 0.002011363672211163 0.002766155875970226 -0.004212582559534606 0.0016748832038966518 0.00397860992834238
8.8799999999999 0.7489284863072666 0.0019515566244106934 0.0027408791283486398 -0.004095461746296978 0.0014527934224722971 0.0037604373783148145
8.899999999999899 0.7492259534385289 0.0018931550978106518 0.0027169820560196244 -0.003978340539701167 0.0012310267584380895 0.0035422640953113723
8.919999999999899 0.7495222972856498 0.0018361421243285614 0.0026944471271835597 -0.0038612209280750355 0.0010095846494923785 0.003324092193102469
8.939999999999898 0.7498175012079655 0.0017805008467429643 0.0026732570447326786 -0.003744104309970175 0.0007884678861588141 0.0031059231813111246
8.959999999999898 0.7501115490752313 0.001726214520503855 0.0026533947486827936 -0.003626991492846917 0.000567676608699136 0.002887757964254534
8.979999999999897 0.7504044252607776 0.0016732665154756126 0.002634843418521987 -0.0035098826918372344 0.0003472103041045685 0.0026695968398614597
8.999999999999897 0.7506961146346997 0.001621640317613761 0.0026175864754787274 -0.0033927775285801922 0.00012706780315985592 0.002451439498660047
9.019999999999897 0.7509866025570789 0.0015713195305764802 0.0026016075847114678 -0.0032756750301239906 -9.27527224262054e-05 0.0022332850228300475
9.039999999999896 0.7512758748712399 0.0015222878772721046 0.0025868906574221004 -0.0031585736278886764 -0.00031225376282978845 0.0020151318853134656
9.059999999999896 0.751563917897043 0.0014745292013437453 0.0025734198528956313 -0.003041471156683735 -0.0005314384728667533 0.0017969779489777785
9.079999999999895 0.7518507184242159 0.0014280274685921533 0.002561179580468262 -0.002924364853774659 -0.0007503106746992404 0.0015788204658257756
9.099999999999895 0.7521362637057234 0.0013827667683379789 0.0025501545014262987 -0.002807251357992394 -0.0009688748605002966 0.0013606560762458556
9.119999999999894 0.7524205414511782 0.0013387313147245926 0.0025403295308381525 -0.002690126708879743 -0.0011871361950827877 0.001142480808296807
9.139999999999894 0.7527035398202938 0.0012959054479626303 0.002531689839321836 -0.002572986345868809 -0.0014051005184988147 0.0009242900770211046
9.159999999999894 0.7529852474163806 0.0012542736355174045 0.002524220854750247 -0.002455825107483241 -0.0016227743486159302 0.0007060786837804159
9.179999999999893 0.7532656532798867 0.0012138204732403527 0.002517908263896593 -0.002338637230559291 -0.0018401648836763893 0.0004878408156072946
9.199999999999893 0.7535447468819845 0.0011745306864457234 0.002512738014022402 -0.0022214163494795962 -0.0020572800048457777 0.0002695700445669008
9.219999999999892 0.7538225181182043 0.0011363891309336164 0.0025086963144103575 -0.002104155495413489 -0.0022741282787573144 5.125932712251219e-05
9.239999999999892 0.7540989573021167 0.0010993807939606009 0.002505769637844451 -0.001986847095557868 -0.002490718960058153 -0.00016709899650119554
9.259999999999891 0.7543740551590639 0.0010634907951590296 0.00250394472203972 -0.001869482972372071 -0.002707061993964064 -0.00038551320296371423
9.279999999999891 0.7546478028199416 0.0010287043874062473 0.00250320857102398 -0.001752054342801028 -0.0029231680188288116 -0.0006039921864688778
9.29999999999989 0.7549201918150333 0.0009950069576448704 0.0025035484564740174 -0.0016345518174800744 -0.0031390483687345986 -0.0008225454594463222
9.31999999999989 0.7551912140678969 0.0009623840276553076 0.002504951919008463 -0.0015169653999154884 -0.0033547150761099745 -0.001041183153260215
9.33999999999989 0.755460861889305 0.0009308212547816611 0.002507406769439825 -0.0013992844856342737 -0.003570180874381576 -0.001259916018951781
9.35999999999989 0.7557291279712403 0.0009003044326121924 0.002510901089988057 -0.0012814978612971644 -0.0037854592006660863 -0.0014787554280216947
9.379999999999889 0.7559960053809475 0.0008708194916155461 0.0025154232354580278 -0.0011635937037682924 -0.004000564198508804 -0.001697713373258951
9.399999999999888 0.7562614875550413 0.0008423524997338284 0.0025209618343832027 -0.0010455595791354598 -0.004215510720675235 -0.0019168024696223167
9.419999999999888 0.7565255682936727 0.0008148896629337653 0.002527505790138058 -0.0009273824416745035 -0.004430314332002105 -0.002136035955180922
9.439999999999888 0.7567882417547541 0.0007884173257170711 0.002535044282021456 -0.0008090486327515957 -0.004644991312314194 -0.002355427692120199
9.459999999999887 0.7570495024482445 0.0007629219715911302 0.002543566766313389 -0.0006905438796571076 -0.004859558659413433 -0.0025749921678195863
9.479999999999887 0.7573093452304952 0.0007383902235012497 0.002553062977307578 -0.0005718532943645338 -0.005074034092146619 -0.0027947444960085446
9.499999999999886 0.7575677652986568 0.0007148088442255487 0.0025635229283221 -0.00045296137220832285 -0.005288436053558228 -0.003014700418007094
9.519999999999886 0.7578247581851495 0.0006921647367336202 0.002574936912690545 -0.0003338519904740589 -0.0055027837141347164 -0.0032348763040574643
9.539999999999885 0.7580803197521967 0.0006704449445101572 0.0025872955047360363 -0.00021450840689465087 -0.005717096975146739 -0.0034552891547532582
9.559999999999885 0.7583344461864224 0.0006496366518446126 0.0026005895607303813 -9.491325804612683e-05 -0.005931396472095718 -0.0036759566025725697
9.579999999999885 0.7585871339935145 0.0006297271840881106 0.0026148102198409002 2.495144236322572e-05 -0.006145703578271159 -0.00389689691352137
9.599999999999884 0.7588383799929534 0.000610704007878627 0.0026299489050670348 0.0001451043053172075 -0.006360040408425201 -0.004118128988894037
9.619999999999884 0.7590881813128083 0.0005925547313356332 0.002645997324169289 0.0002655645684355838 -0.006574429822570794 -0.0043396723671571226
9.639999999999883 0.7593365353846008 0.0005752671042252766 0.0026629474705927064 0.0003863520980442746 -0.00678889542990997 -0.004561547225963181
9.659999999999883 0.7595834399382368 0.0005588290180972486 0.0026807916243873453 0.0005074873913780527 -0.007003461592898623 -0.004783774384300918
9.679999999999882 0.7598288929970088 0.0005432285063944048 0.00269952235312795 0.0006289915789225197 -0.007218153431454294 -0.005006375304788456
9.699999999999882 0.7600728928726672 0.000528453744536267 0.0027191325128352564 0.0007508864269016797 -0.00743299682731338 -0.005229372096116111
9.719999999999882 0.7603154381605636 0.000514493049977477 0.002739615248901224 0.0008731943399178144 -0.00764801842854424 -0.00545278751564541
9.739999999999881 0.7605565277348654 0.000501334882242303 0.0027609639970205004 0.0009959383637500269 -0.007863245654222702 -0.005676644972170785
9.75999999999988 0.7607961607438435 0.0004889678429362775 0.0027831724841304597 0.001119142188318147 -0.0080787066992764 -0.005900968528850679
9.77999999999988 0.7610343366052336 0.00047738067573610646 0.0028062347293621843 0.0012428301508185925 -0.008294430539504473 -0.006125782906314713
9.79999999999988 0.761271055001671 0.0004665622663587763 0.002830145045004547 0.0013670272390387658 -0.008510446936779123 -0.006351113485953545
9.81999999999988 0.7615063158762021 0.0004565016425111239 0.002854898037483943 0.0014917590948566118 -0.008726786444435525 -0.006576986313398105
9.839999999999879 0.7617401194278702 0.0004471879738207841 0.0028804886083617816 0.0016170520179319982 -0.00894348041285665 -0.006803428102194918
9.859999999999879 0.7619724661073798 0.0004386105717496491 0.0029069119553521614 0.0017429329695966898 -0.009160560995259515 -0.00703046623768434
9.879999999999878 0.7622033566128373 0.0004307588894908722 0.002934163573362014 0.0018694295769493734 -0.009378061153689441 -0.007258128781088236
9.899999999999878 0.7624327918855714 0.00042362252185047263 0.002962239255555978 0.0019965701371628744 -0.009596014665228901 -0.007486444473814275
9.919999999999877 0.7626607731060319 0.00041719120511462534 0.00299113509444844 0.002124383622009894 -0.009814456128427526 -0.007715442741983262
9.939999999999877 0.7628873016897694 0.0004114548169036121 0.0030208474830248845 0.0022528996826144472 -0.010033420969959923 -0.007945153701186713
9.959999999999877 0.7631123792834968 0.00040640337601355987 0.003051373115895037 0.002382148654435381 -0.0102529454515179 -0.008175608161481152
9.979999999999876 0.7633360077612319 0.00040202704224692124 0.0030827089904799597 0.002512161562489304 -0.010473066676943832 -0.0084068376326265
9.999999999999876 0.7635581892205234 0.0003983161162328162 0.0031148524082355404 0.0026429701268194713 -0.01069382259961177 -0.00863887432957518
