0.0 0.465 0.0 0.365
0.02 0.465 0.0 0.365
0.04 0.4609758462636516 0.011368975763181063 0.36493054133278396
0.06 0.4566468513128322 0.02258134409669244 0.3648147360339297
0.08 0.4524310051370763 0.033494456255682585 0.36471391019758403
0.1 0.4483409152183927 0.0441257358266966 0.364632801146912
0.12000000000000001 0.44437337692017376 0.05448298837256373 0.3645691285323918
0.14 0.44052512718332837 0.06457296347741658 0.3645204932465859
0.16 0.43679303914593526 0.07440208847913289 0.3644847461062142
0.18 0.43317409254339295 0.0839765160205544 0.36445997894144316
0.19999999999999998 0.42966536024122737 0.09330214665405018 0.36444450418390234
0.21999999999999997 0.4262639989046679 0.10238465073709316 0.3644368357579553
0.23999999999999996 0.42296724197012914 0.11122948968244536 0.36443567122259934
0.25999999999999995 0.41977239422067947 0.11984193627305062 0.3644398749583246
0.27999999999999997 0.4166768274812509 0.12822709378249694 0.36444846228510275
0.3 0.41367797709014725 0.13638991368065306 0.36446058445904217
0.32 0.410773338910683 0.1443352117566416 0.3644755145328633
0.34 0.4079604667267389 0.1520676825508232 0.3644926340856553
0.36000000000000004 0.4052369699236236 0.15959191204749348 0.3645114208352659
0.38000000000000006 0.4026005113953724 0.16691238863575827 0.36453143714606373
0.4000000000000001 0.4000488056455209 0.17403351239439074 0.3645523194387569
0.4200000000000001 0.3975796170639414 0.18095960279560416 0.3645737684998333
0.4400000000000001 0.3951907583704787 0.18769490495197114 0.36459554067778227
0.46000000000000013 0.3928800892192948 0.19424359455041051 0.3646174399428717
0.48000000000000015 0.3906455149579001 0.20060978162809165 0.3646393107777433
0.5000000000000001 0.38848498553326205 0.20679751334848964 0.3646610318580179
0.5200000000000001 0.3863964945351184 0.21281077593305395 0.36468251047574374
0.5400000000000001 0.38437807836437965 0.21865349589645416 0.3647036776539574
0.5600000000000002 0.38242781551266475 0.22432954072248817 0.36472448389780754
0.5800000000000002 0.38054382593778335 0.2298427191046729 0.36474489552646056
0.6000000000000002 0.3787242705194236 0.23519678086131082 0.36476489153015274
0.6200000000000002 0.37696735057936687 0.24039541662025088 0.36478446089804484
0.6400000000000002 0.3752713074511729 0.24544225735427458 0.3648036003647305
0.6600000000000003 0.37363442208531417 0.2503408738344924 0.3648223125261143
0.6800000000000003 0.3720550146770905 0.25509477605664277 0.3648406042787145
0.7000000000000003 0.37053144430618035 0.25970741268392045 0.3648584855400572
0.7200000000000003 0.36906210857832106 0.2641821705400228 0.3648759682115892
0.7400000000000003 0.36764544326123383 0.26852237417747643 0.36489306534929145
0.7600000000000003 0.3662799219084852 0.27273128553897874 0.3649097905108532
0.7800000000000004 0.36496405546644994 0.2768121037233411 0.3649261572517866
0.8000000000000004 0.3636963918608707 0.280767964862582 0.3649421787461699
0.8200000000000004 0.3624755155607057 0.2846019421126479 0.36495786751078
0.8400000000000004 0.36130004711797226 0.2883170457570289 0.36497323521418945
0.8600000000000004 0.360168642683173 0.29191622342006424 0.3649882925549508
0.8800000000000004 0.3590799934966083 0.29540236038489076 0.36500304919528487
0.9000000000000005 0.3580328253564605 0.29877828000966733 0.36501751373872243
0.9200000000000005 0.3570258980649902 0.3020467442348267 0.36503169374195016
0.9400000000000005 0.3560580048545273 0.3052104541735712 0.36504559575268974
0.9600000000000005 0.35512797179518485 0.3082720507775795 0.36505922536680907
0.9800000000000005 0.3542346571863846 0.31123411556986524 0.36507258729905484
1.0000000000000004 0.3533769509343753 0.3140991714368601 0.3650856854628182
1.0200000000000005 0.352553773917957 0.31686968347207084 0.36509852305521345
1.0400000000000005 0.35176407734461335 0.31954805986400636 0.36511110264449853
1.0600000000000005 0.3510068420992014 0.3221366528215028 0.3651234262574874
1.0800000000000005 0.35028107808727205 0.3246377595300227 0.3651354954651335
1.1000000000000005 0.3495858235749903 0.32705362313299347 0.365147311464901
1.1200000000000006 0.3489201445275156 0.32938643373273 0.3651588751589066
1.1400000000000006 0.34828313394757027 0.33163832940597515 0.3651701872271127
1.1600000000000006 0.347673911215798 0.33381139722955383 0.36518124819509634
1.1800000000000006 0.34709162143438116 0.3359076743120923 0.36519205849612
1.2000000000000006 0.34653543477524784 0.3379291488281799 0.36520261852738384
1.2200000000000006 0.3460045458340776 0.3398777610517515 0.3652129287004676
1.2400000000000007 0.3454981729911795 0.3417554043858457 0.3652229894860672
1.2600000000000007 0.345015557780202 0.3435639263862396 0.3652328014532037
1.2800000000000007 0.34455596426551666 0.34530512977678235 0.36524236530314025
1.3000000000000007 0.3441186784290091 0.34698077345453837 0.3652516818982799
1.3200000000000007 0.3437030075669105 0.34859257348312456 0.36526075228634514
1.3400000000000007 0.3433082796972083 0.3501422040728589 0.36526957772015634
1.3600000000000008 0.3429338429780892 0.351631298546564 0.36527815967333427
1.3800000000000008 0.342579065137785 0.35306145029005875 0.3652864998522529
1.4000000000000008 0.342243332916122 0.3544342136865518 0.3652946002045655
1.4200000000000008 0.3419260515180041 0.35575110503430396 0.36530246292461915
1.4400000000000008 0.3416266440790047 0.35701360344706856 0.3653100904560632
1.4600000000000009 0.3413445511431814 0.35822315173693897 0.3653174854919411
1.4800000000000009 0.34107923015318403 0.3593811572793444 0.3653246509725451
1.5000000000000009 0.3408301549526792 0.3604889928600291 0.36533159008129396
1.520000000000001 0.3405968153010772 0.36154799750393335 0.36533830623888086
1.540000000000001 0.3403787164005099 0.3625594772859689 0.3653448030959187
1.560000000000001 0.3401753784349805 0.3635247061237413 0.36535108452429854
1.580000000000001 0.3399863361215781 0.3644449265523314 0.36535715460745743
1.600000000000001 0.33981113827362225 0.365321350481288 0.365363017629736
1.620000000000001 0.33964934737559066 0.3661551599340295 0.3653686780649949
1.640000000000001 0.33950053916965617 0.36694750776988005 0.3653741405646404
1.660000000000001 0.3393643022536508 0.36769951838899906 0.3653794099451982
1.680000000000001 0.33924023769025846 0.3684122884204807 0.36538449117556104
1.700000000000001 0.339127958627228 0.3690868873939215 0.3653893893640227
1.720000000000001 0.3390270899283902 0.36972435839476964 0.3653941097452006
1.740000000000001 0.338937267815253 0.3703257187037781 0.365398657666936
1.7600000000000011 0.3388581395189473 0.37089196042089495 0.3654030385772553
1.7800000000000011 0.33878936294228684 0.3714240510739289 0.36540725801145985
1.8000000000000012 0.3387306063317069 0.37192293421233363 0.3654113215794101
1.8200000000000012 0.3386815479588414 0.3723895299864531 0.36541523495305595
1.8400000000000012 0.3386418758114995 0.37282473571257396 0.3654190038542617
1.8600000000000012 0.33861128729379913 0.3732294264241291 0.36542263404296493
1.8800000000000012 0.33858948893522095 0.3736044554093911 0.3654261313057027
1.9000000000000012 0.338576196108342 0.37395065473599687 0.36542950144453556
1.9200000000000013 0.33857113275501144 0.37426883576263437 0.3654327502663879
1.9400000000000013 0.3385740311207376 0.3745597896382223 0.36543588357282725
1.9600000000000013 0.338584631497051 0.3748242877889062 0.3654389071502936
1.9800000000000013 0.33860268197161647 0.37506308239318753 0.36544182676078857
2.0000000000000013 0.3386279381858693 0.3752769068454992 0.3654446481330328
2.0200000000000014 0.33866016309995395 0.37546647620853063 0.36544737695409224
2.0400000000000014 0.33869912676474645 0.3756324876546032 0.3654500188614764
2.0600000000000014 0.3387446061007495 0.3757756208963852 0.36545257943570314
2.0800000000000014 0.3387963846836495 0.3758965386072328 0.3654550641933295
2.1000000000000014 0.3388542525363297 0.37599588683143337 0.36545747858043887
2.1200000000000014 0.3389180059271428 0.37607429538462406 0.3654598279665787
2.1400000000000015 0.338987447174243 0.37613237824464674 0.36546211763913816
2.1600000000000015 0.33906238445578957 0.37617073393309836 0.36546435279815576
2.1800000000000015 0.3391426316258327 0.3761899458878268 0.3654665385515434
2.2000000000000015 0.3392280080357028 0.3761905828266138 0.36546867991071674
2.2200000000000015 0.3393183383607224 0.3761731991022863 0.36547078178661546
2.2400000000000015 0.3394134524320718 0.37613833504948124 0.36547284898610066
2.2600000000000016 0.339513185073636 0.3760865173232932 0.3654748862087152
2.2800000000000016 0.33961737594367364 0.37601825923001986 0.3654768980437898
2.3000000000000016 0.33972586938114596 0.3759340610502197 0.36547888896788167
2.3200000000000016 0.3398385142565522 0.3758344103542876 0.3654808633425286
2.3400000000000016 0.33995516382712093 0.37571978231074793 0.3654828254123039
2.3600000000000017 0.340075675596212 0.3755906399874638 0.3654847793031551
2.3800000000000017 0.3401999111767869 0.3754474346459494 0.36548672902101154
2.4000000000000017 0.3403277361588099 0.3752906060289723 0.3654886784506458
2.4200000000000017 0.3404590199804468 0.3751205826416242 0.3654906313547718
2.4400000000000017 0.3405936358029332 0.37493778202603745 0.365492591373366
2.4600000000000017 0.3407314603889847 0.3747426110299152 0.3654945620231949
2.4800000000000018 0.34087237398462905 0.374535466069042 0.3654965466975367
2.5000000000000018 0.34101626020434317 0.3743167333839383 0.3654985486660782
2.520000000000002 0.3411630059193793 0.37408678929081174 0.3655005710749779
2.540000000000002 0.34131250114917255 0.37384600042696303 0.365502616947077
2.560000000000002 0.34146463895572043 0.37359472399079074 0.3655046891822474
2.580000000000002 0.3416193153408347 0.3733333079765445 0.3655067905578622
2.600000000000002 0.34177642914616246 0.37306209140396357 0.3655089237293765
2.620000000000002 0.34193588195588326 0.3727814045429422 0.3655110912310053
2.640000000000002 0.3420975780019876 0.37249156913335196 0.36551329547648703
2.660000000000002 0.34226142407204857 0.3721928986001554 0.3655155387599205
2.680000000000002 0.34242732941939874 0.3718856982639335 0.36551782325666443
2.700000000000002 0.34259520567563106 0.37157026554695377 0.3655201510242874
2.720000000000002 0.34276496676534274 0.37124689017489904 0.3655225240035591
2.740000000000002 0.342936528823045 0.37091585437437147 0.36552494401947133
2.760000000000002 0.3431098101121656 0.37057743306628793 0.3655274127822793
2.780000000000002 0.34328473094607354 0.3702318940552774 0.36552993188855426
2.800000000000002 0.34346121361105686 0.36987949821518523 0.36553250282223704
2.820000000000002 0.3436391822911897 0.3695204996707928 0.36553512695568463
2.840000000000002 0.34381856299502694 0.3691551459758504 0.3655378055507021
2.860000000000002 0.34399928348406683 0.3687836782875238 0.36554053975954925
2.880000000000002 0.3441812732029256 0.36840633153734886 0.3655433306259181
2.900000000000002 0.34436446321117153 0.36802333459878706 0.36554617908587067
2.920000000000002 0.34454878611676837 0.36763491045147045 0.36554908596873253
2.940000000000002 0.34473417601107975 0.3672412763422225 0.36555205199793583
2.960000000000002 0.3449205684053921 0.36684264394293853 0.36555507779180446
2.980000000000002 0.3451079001689133 0.36643921950540365 0.36555816386427903
3.000000000000002 0.34529610946821027 0.36603120401312766 0.3655613106255747
3.0200000000000022 0.3454851357080493 0.3656187933302664 0.36556451838277054
3.0400000000000023 0.3456749194736075 0.36520217834770363 0.3655677873403269
3.0600000000000023 0.345865402474027 0.364781545126357 0.365571117600528
3.0800000000000023 0.3460565274872857 0.3643570750377715 0.3655745091638515
3.1000000000000023 0.3462482383063629 0.36392894490206085 0.36557796192926356
3.1200000000000023 0.34644047968668057 0.3634973271232506 0.36558147569444377
3.1400000000000023 0.3466331972948044 0.36306238982207567 0.3655850501559408
3.1600000000000024 0.3468263376583948 0.3626242969662785 0.36558868490926866
3.1800000000000024 0.34701984811739656 0.3621832084984515 0.36559237944894724
3.2000000000000024 0.3472136767764658 0.3617392804614628 0.365596133168501
3.2200000000000024 0.3474077724586317 0.361292665121498 0.3655999453604264
3.2400000000000024 0.34760208466019665 0.36084351108874746 0.3656038152161456
3.2600000000000025 0.3477965635068837 0.36039196343576474 0.36560774182596584
3.2800000000000025 0.34799115971123973 0.35993816381351146 0.3656117241790672
3.3000000000000025 0.3481858245313133 0.3594822505651063 0.3656157611635456
3.3200000000000025 0.34838050973062573 0.35902435883728273 0.3656198515665441
3.3400000000000025 0.3485751675394585 0.3585646206895582 0.36562399407450513
3.3600000000000025 0.34876975061748733 0.35810316520111174 0.3656281872735877
3.3800000000000026 0.34896421201779504 0.3576401185753601 0.36563242965029125
3.4000000000000026 0.3491585051522994 0.35717560424221434 0.3656367195923363
3.4200000000000026 0.3493525837586375 0.3567097429579977 0.3656410553898555
3.4400000000000026 0.34954640186855285 0.3562426529029948 0.3656454352369495
3.4600000000000026 0.3497399137778301 0.3557744497765981 0.36564985723366805
3.4800000000000026 0.3499330740178342 0.3553052468900148 0.3656543193884745
3.5000000000000027 0.3501258373287031 0.354835155256485 0.3656588196212518
3.5200000000000027 0.3503181586342558 0.35436428367896655 0.3656633557669089
3.5400000000000027 0.35050999301867003 0.35389273883522976 0.3656679255796347
3.5600000000000027 0.35070129570499214 0.35342062536030894 0.3656725267378454
3.5800000000000027 0.3508920220355356 0.35294804592624895 0.36567715684985747
3.6000000000000028 0.3510821274542278 0.3524751013190902 0.3656818134603021
3.6200000000000028 0.3512715674909599 0.3520018905130315 0.3656864940572846
3.640000000000003 0.35146029774799126 0.35152851074171526 0.3656911960802685
3.660000000000003 0.3516482738884561 0.35105505756658073 0.3656959169286432
3.680000000000003 0.3518354516270118 0.35058162494223727 0.3657006539709076
3.700000000000003 0.35202178672266027 0.3501083052788159 0.3657054045543804
3.720000000000003 0.3522072349737675 0.34963518950126826 0.36571016601531847
3.740000000000003 0.3523917522152893 0.34916236710558773 0.3657149356893052
3.760000000000003 0.35257529431820517 0.3486899262119445 0.3657197109217487
3.780000000000003 0.3527578171911451 0.34821795361473523 0.3657244890783139
3.800000000000003 0.3529392767841795 0.34774653482956236 0.3657292675551046
3.820000000000003 0.35311962909473255 0.34727575413717465 0.36573404378840796
3.840000000000003 0.35329883017555574 0.34680569462441185 0.3657388152638169
3.860000000000003 0.3534768361446935 0.3463364382222126 0.3657435795245615
3.880000000000003 0.3536536031973504 0.3458680657407564 0.3657483341788973
3.900000000000003 0.3538290876195617 0.34540065690182614 0.36575307690642633
3.920000000000003 0.3540032458035554 0.3449342903684832 0.365757805463256
3.940000000000003 0.3541760342646847 0.3444690437721619 0.36576251768593593
3.960000000000003 0.3543474096598035 0.34400499373729276 0.365767211494151
3.980000000000003 0.3545173288069496 0.34354221590357276 0.36577188489217977
4.000000000000003 0.35468574870620156 0.3430807849460009 0.3657765359691661
4.020000000000002 0.35485262656156996 0.342620774592799 0.3657811628982779
4.040000000000002 0.35501791980379016 0.34216225764133823 0.3657857639348517
4.060000000000001 0.35518158611388545 0.34170530597218557 0.3657903374136455
4.080000000000001 0.3553435834473736 0.3412499905613832 0.365794881745329
4.1000000000000005 0.3555038700589998 0.3407963814910661 0.3657993954123522
4.12 0.3556624045278852 0.34034454795851654 0.3658038769643344
4.14 0.35581914578299134 0.33989455828374887 0.3658083250131111
4.159999999999999 0.35597405312880476 0.33944647991570615 0.36581273822757004
4.179999999999999 0.35612708627116324 0.33900037943714795 0.36581711532839645
4.199999999999998 0.35627820534314725 0.3385563225682956 0.36582145508283764
4.219999999999998 0.3564273709309725 0.33811437416929896 0.36582575629957714
4.2399999999999975 0.3565745440998265 0.3376745982415777 0.36583001782380165
4.259999999999997 0.3567196864195987 0.3372370579280884 0.3658342385325218
4.279999999999997 0.3568627599904619 0.3368018155125608 0.3658384173301992
4.299999999999996 0.35700372746826486 0.3363689324177427 0.3658425531447172
4.319999999999996 0.35714255208970364 0.3359384692026923 0.3658466449237183
4.339999999999995 0.35727919769724137 0.3355104855591489 0.3658506916313267
4.359999999999995 0.3574136287637478 0.33508504030701786 0.36585469224525846
4.379999999999995 0.35754581041683525 0.334662191388999 0.3658586457543192
4.399999999999994 0.35767570846286273 0.33424199586439063 0.36586255115628036
4.419999999999994 0.3578032894105885 0.3338245099021006 0.3658664074561215
4.439999999999993 0.3579285204944452 0.3334097887728978 0.3658702136646205
4.459999999999993 0.3580513696974125 0.33299788684093656 0.3658739687972731
4.479999999999992 0.35817180577346486 0.3325888575545918 0.3658776718735185
4.499999999999992 0.35828979826956603 0.33218275343663994 0.3658813219162494
4.519999999999992 0.35840531754718624 0.3317796260738299 0.36588491795158257
4.539999999999991 0.3585183348033117 0.3313795261058819 0.3658884590088647
4.559999999999991 0.35862882209091806 0.3309825032139632 0.365891944120892
4.57999999999999 0.3587367523388789 0.3305886061086859 0.36589537232432096
4.59999999999999 0.3588420993712757 0.33019788251767707 0.3658987426602459
4.6199999999999894 0.35894483792607845 0.3298103791727752 0.36590205417492566
4.639999999999989 0.35904494367316436 0.329426141796905 0.3659053059206363
4.659999999999989 0.35914239323164077 0.3290452150906886 0.36590849695663474
4.679999999999988 0.35923716418643686 0.3286676427188514 0.3659116263502125
4.699999999999988 0.3593292351041353 0.32829346729648 0.365914693177826
4.719999999999987 0.3594185855480046 0.3279227303751971 0.3659176965262873
4.739999999999987 0.3595051960922032 0.32755547242931116 0.3659206354940011
4.7599999999999865 0.3595890483351217 0.3271917328420054 0.36592350919223643
4.779999999999986 0.35967012491183176 0.32683154989162844 0.3659263167464209
4.799999999999986 0.35974840950561254 0.3264749607381486 0.36592905729744646
4.819999999999985 0.3598238868585254 0.3261220014098347 0.36593173000297735
4.839999999999985 0.3598965427810112 0.32577270679022535 0.3659343340387528
4.859999999999984 0.3599663641604836 0.3254271106054453 0.36593686859987434
4.879999999999984 0.36003333896889855 0.32508524541193073 0.36593933290207203
4.8999999999999835 0.36009745626927603 0.3247471425846193 0.36594172618294324
4.919999999999983 0.3601587062211603 0.32441283230566115 0.3659440477031581
4.939999999999983 0.3602170800849992 0.3240823435537059 0.365946296747626
4.959999999999982 0.3602725702254333 0.3237557040938135 0.3659484726266204
4.979999999999982 0.3603251701134842 0.32343294046804266 0.3659505746768552
4.999999999999981 0.3603748743276334 0.32311407798675745 0.3659526022625126
5.019999999999981 0.3604216785537908 0.3227991407206994 0.365954554776217
5.0399999999999805 0.36046557958415004 0.3224881514938624 0.3659564316399538
5.05999999999998 0.3605065753149328 0.32218113187720754 0.36595823230592966
5.07999999999998 0.36054466474302754 0.3218781021832515 0.3659599562573751
5.099999999999979 0.3605798479615315 0.3215790814615581 0.3659616030092848
5.119999999999979 0.3606121261542042 0.32128408749515874 0.36596317210909707
5.139999999999978 0.3606415015888486 0.3209931367979253 0.3659646631373105
5.159999999999978 0.36066797760963626 0.3207062446129131 0.36596607570803835
5.1799999999999775 0.3606915586283919 0.3204234249116918 0.36596740946949885
5.199999999999977 0.3607122501148655 0.32014469039467347 0.3659686641044438
5.219999999999977 0.36073005858600804 0.31987005249244854 0.3659698393305234
5.239999999999976 0.3607449915942845 0.3195995213681326 0.36597093490058935
5.259999999999976 0.36075705771504574 0.3193331059207276 0.36597195060293675
5.279999999999975 0.360766266532996 0.31907081378949426 0.36597288626148405
5.299999999999975 0.3607726286277828 0.3188126513593315 0.36597374173589564
5.3199999999999745 0.3607761555587457 0.31855862376715366 0.36597451692164346
5.339999999999974 0.3607768598488592 0.3183087349092573 0.365975211750013
5.359999999999974 0.3607747549679058 0.31806298744966044 0.3659758261880538
5.379999999999973 0.3607698553149171 0.31782138282939976 0.365976360238474
5.399999999999973 0.360762176199922 0.3175839212767668 0.36597681393948445
5.419999999999972 0.36075173382504144 0.3173506018184613 0.3659771873645901
5.439999999999972 0.36073854526497046 0.3171214222916379 0.3659774806223344
5.4599999999999715 0.36072262844688774 0.31689637935682136 0.36597769385599405
5.479999999999971 0.3607040021298349 0.31667546851166256 0.3659778272432308
5.499999999999971 0.3606826858836054 0.31645868410550626 0.3659778809956984
5.51999999999997 0.3606587000671871 0.31624601935473984 0.36597785535860883
5.53999999999997 0.3606320658067964 0.3160374663588913 0.36597775061025906
5.559999999999969 0.3606028049735495 0.3158330161174434 0.3659775670615215
5.579999999999969 0.36057094016080715 0.31563265854732947 0.36597730505529763
5.599999999999969 0.36053649466123733 0.3154363825010762 0.36597696496593995
5.619999999999968 0.3604994924436335 0.31524417578555763 0.3659765471986421
5.639999999999968 0.36045995812952847 0.3150560251813241 0.3659760521888008
5.659999999999967 0.3604179169696418 0.31487191646246954 0.36597548040135053
5.679999999999967 0.3603733948201992 0.3146918344169999 0.36597483233007283
5.699999999999966 0.36032641811916055 0.3145157628676658 0.36597410849688344
5.719999999999966 0.3602770138623917 0.3143436846932235 0.3659733094510985
5.739999999999966 0.3602252095798145 0.3141755818500844 0.3659724357686818
5.759999999999965 0.3601710333115711 0.31401143539431986 0.36597148805147445
5.779999999999965 0.3601145135842303 0.31385122550398253 0.3659704669264103
5.799999999999964 0.3600556793870727 0.3136949315017094 0.3659693730447175
5.819999999999964 0.35999456014847986 0.31354253187757025 0.3659682070811085
5.839999999999963 0.359931185712458 0.31339400431212794 0.3659669697329603
5.859999999999963 0.35986558631532556 0.313249325699676 0.3659656617194869
5.879999999999963 0.3597977925625865 0.31310847217161936 0.3659642837809048
5.899999999999962 0.3597278354060173 0.31297141911996657 0.3659628366775933
5.919999999999962 0.35965574612099116 0.31283814122090214 0.36596132118925223
5.939999999999961 0.35958155628405813 0.31270861245840736 0.3659597381140568
5.959999999999961 0.3595052977508065 0.31258280614790057 0.36595808826781256
5.9799999999999605 0.35942700263402083 0.31246069495986817 0.3659563724831102
5.99999999999996 0.35934670328215784 0.3123422509434577 0.36595459160848287
6.01999999999996 0.3592644322581546 0.3122274455500085 0.3659527465075671
6.039999999999959 0.35918022231858643 0.31211624965649126 0.36595083805826717
6.059999999999959 0.35909410639318756 0.3120086335888359 0.3659488671519254
6.079999999999958 0.3590061175647486 0.3119045671451203 0.36594683469249917
6.099999999999958 0.35891628904940137 0.31180401961860155 0.36594474159574425
6.1199999999999575 0.3588246541773041 0.3117069598205653 0.36594258878840785
6.139999999999957 0.35873124637373405 0.31161335610297597 0.36594037720743033
6.159999999999957 0.35863609914059813 0.31152317638090776 0.36593810779915653
6.179999999999956 0.3585392460383675 0.3114363881547372 0.3659357815185582
6.199999999999956 0.35844072066844374 0.31135295853208367 0.36593339932846797
6.219999999999955 0.35834055665596176 0.3112728542494804 0.365930962198825
6.239999999999955 0.35823878763303296 0.311196041693761 0.36592847110593363
6.2599999999999545 0.3581354472224338 0.3111224869231496 0.3659259270317355
6.279999999999954 0.3580305690217419 0.3110521556880398 0.36592333096309426
6.299999999999954 0.35792418658792047 0.3109850134514549 0.3659206838910957
6.319999999999953 0.3578163334223547 0.3109210254091737 0.36591798681036164
6.339999999999953 0.35770704295633743 0.310860156509516 0.365915240718379
6.359999999999952 0.35759634853700656 0.31080237147277884 0.3659124466148437
6.379999999999952 0.3574842834137313 0.31074763481031403 0.3659096055010208
6.3999999999999515 0.3573708807249459 0.31069591084324055 0.3659067183791195
6.419999999999951 0.35725617348542993 0.3106471637207876 0.3659037862516844
6.439999999999951 0.35714019457402996 0.3106013574382597 0.3659008101210032
6.45999999999995 0.35702297672182204 0.3105584558546231 0.36589779098852976
6.47999999999995 0.35690455250070796 0.31051842270970614 0.36589472985432425
6.499999999999949 0.3567849543124448 0.31048122164101255 0.3658916277165092
6.519999999999949 0.3566642143780987 0.310446816200145 0.3658884855707424
6.5399999999999485 0.3565423647279216 0.31041516986883705 0.36588530440970524
6.559999999999948 0.35641943719164315 0.31038624607459175 0.3658820852226089
6.579999999999948 0.3562954633891729 0.31036000820592696 0.36587882899471547
6.599999999999947 0.35617047472170565 0.31033641962722747 0.3658755367068765
6.619999999999947 0.3560445023632255 0.3103154436932035 0.3658722093350872
6.639999999999946 0.3559175772523992 0.3102970437629578 0.36586884785005636
6.659999999999946 0.3557897300848551 0.3102811832136621 0.3658654532167934
6.6799999999999455 0.35566099130583695 0.31026782545384485 0.3658620263942104
6.699999999999945 0.3555313911032292 0.3102569339362924 0.3658585683347396
6.719999999999945 0.3554009594009433 0.3102484721705675 0.36585507998396766
6.739999999999944 0.3552697258526588 0.31024240373514594 0.3658515622802837
6.759999999999944 0.35513771983591136 0.3102386922891776 0.3658480161545441
6.779999999999943 0.35500497044652035 0.31023730158387247 0.36584444252975035
6.799999999999943 0.3548715064933472 0.3102381954735188 0.3658408423207438
6.8199999999999426 0.3547373564933778 0.3102413379261354 0.36583721643391315
6.839999999999942 0.3546025486671198 0.31024669303376273 0.36583356576691695
6.859999999999942 0.3544671109343085 0.31025422502239985 0.36582989120841997
6.879999999999941 0.35433107090991095 0.31026389826158896 0.36582619363784363
6.899999999999941 0.3541944559004233 0.31027567727365424 0.36582247392512957
6.91999999999994 0.3540572929004507 0.3102895267426014 0.3658187329305166
6.93999999999994 0.35391960858956345 0.3103054115226814 0.36581497150433023
6.95999999999994 0.35378142932942136 0.3103232966466243 0.3658111904867863
6.979999999999939 0.35364278116115805 0.3103431473335506 0.365807390707805
6.999999999999939 0.353503689803017 0.31036492899656354 0.36580357298683863
7.019999999999938 0.35336418064823355 0.31038860725003037 0.3657997381327109
7.039999999999938 0.353224278763153 0.31041414791655636 0.36579588694346693
7.059999999999937 0.35308400888557806 0.31044151703366024 0.36579202020623625
7.079999999999937 0.3529433954233396 0.3104706808601548 0.36578813869710514
7.099999999999937 0.3528024624530809 0.3105016058822389 0.3657842431810011
7.119999999999936 0.35266123371924935 0.3105342588193104 0.36578033441158647
7.139999999999936 0.35251973263329023 0.31056860662950003 0.36577641313116366
7.159999999999935 0.35237798227303124 0.31060461651493887 0.3657724800705891
7.179999999999935 0.35223600538225586 0.3106422559267607 0.36576853594919784
7.1999999999999345 0.3520938243704549 0.31068149256984806 0.36576458147473667
7.219999999999934 0.35195146131275146 0.3107222944073273 0.36576061734330684
7.239999999999934 0.3518089379499925 0.31076462966481816 0.36575664423931536
7.259999999999933 0.3516662756890009 0.3108084668344453 0.3657526628354351
7.279999999999933 0.3515234956029798 0.31085377467861625 0.36574867379257314
7.299999999999932 0.35138061843206675 0.3109005222335728 0.3657446777598468
7.319999999999932 0.35123766458402794 0.31094867881272126 0.3657406753745679
7.3399999999999315 0.35109465413508917 0.3109982140097481 0.3657366672622343
7.359999999999931 0.35095160683089616 0.31104909770152517 0.3657326540365287
7.379999999999931 0.3508085420876002 0.3111013000508126 0.3657286362993247
7.39999999999993 0.35066547899306266 0.31115479150876224 0.3657246146406994
7.41999999999993 0.35052243630817265 0.31120954281723 0.3657205896389521
7.439999999999929 0.3503794324682743 0.3112655250109009 0.36571656186063056
7.459999999999929 0.35023648558469683 0.3113227094192312 0.36571253186056196
7.4799999999999285 0.3500936134463834 0.31138106766821716 0.3657085001818906
7.499999999999928 0.34995083352161493 0.3114405716819897 0.3657044673561206
7.519999999999928 0.34980816295982103 0.3115011936842457 0.3657004339031644
7.539999999999927 0.34966561859347794 0.3115629061995169 0.3656964003313964
7.559999999999927 0.3495232169400859 0.31162568205428426 0.36569236713771114
7.579999999999926 0.3493809742042225 0.3116894943779399 0.36568833480758717
7.599999999999926 0.3492389062796683 0.31175431660360475 0.365684303815154
7.6199999999999255 0.34909702875160126 0.3118201224688036 0.365680274623265
7.639999999999925 0.34895535689885443 0.3118868860160028 0.3656762476835733
7.659999999999925 0.3488139056962345 0.31195458159301737 0.3656722234366124
7.679999999999924 0.3486726898168975 0.31202318385328826 0.36566820231187946
7.699999999999924 0.3485317236347777 0.31209266775603745 0.3656641847279243
7.719999999999923 0.34839102122706683 0.3121630085663026 0.365660171092439
7.739999999999923 0.34825059637673944 0.31223418185485696 0.36565616180235305
7.7599999999999225 0.3481104625751227 0.31230616349801804 0.3656521572439308
7.779999999999922 0.3479706330245065 0.3123789296773485 0.3656481577928713
7.799999999999922 0.3478311206407903 0.3124524568792536 0.36564416381441156
7.819999999999921 0.3476919380561675 0.3125267218944798 0.3656401756634324
7.839999999999921 0.3475530976218378 0.3126017018175158 0.36563619368456585
7.85999999999992 0.3474146114107533 0.31267737404590196 0.3656322182123067
7.87999999999992 0.34727649122038845 0.3127537162794508 0.36562824957112355
7.8999999999999195 0.3471387485755362 0.3128307065193812 0.3656242880755744
7.919999999999919 0.3470013947311259 0.3129083230673703 0.36562033403042266
7.939999999999919 0.34686444067506117 0.31298654452452734 0.36561638773075483
7.959999999999918 0.3467278971310749 0.31306534979028927 0.365612449462101
7.979999999999918 0.3465917745616012 0.3131447180612459 0.3656085195005551
7.999999999999917 0.3464560831706608 0.3132246288298934 0.36560459811289797
8.019999999999918 0.34632083290675675 0.31330506188332063 0.36560068555672076
8.039999999999917 0.34618603346578253 0.31338599730183236 0.3655967820805501
8.059999999999917 0.34605169429393645 0.31346741545751006 0.3655928879239733
8.079999999999917 0.3459178245906435 0.3135492970127133 0.36558900331776545
8.099999999999916 0.3457844333114821 0.31363162291852575 0.36558512848401675
8.119999999999916 0.3456515291711137 0.3137143744131471 0.36558126363626053
8.139999999999915 0.3455191206462151 0.31379753302023317 0.365577408979602
8.159999999999915 0.34538721597841093 0.3138810805471868 0.36557356471084734
8.179999999999914 0.3452558231772046 0.3139649990834035 0.36556973101863316
8.199999999999914 0.3451249500229087 0.31404927099847 0.36556590808355655
8.219999999999914 0.3449946040695705 0.3141338789403234 0.3655620960783044
8.239999999999913 0.3448647926478937 0.3142188058333674 0.3655582951677842
8.259999999999913 0.34473552286815456 0.31430403487655234 0.36555450550925356
8.279999999999912 0.34460680162311097 0.31438954954141757 0.36555072725245064
8.299999999999912 0.34447863559090414 0.31447533357010093 0.36554696053972385
8.319999999999911 0.3443510312379514 0.3145613709733144 0.3655432055061613
8.339999999999911 0.34422399482182925 0.31464764602829004 0.36553946227972073
8.35999999999991 0.34409753239414664 0.3147341432766967 0.36553573098135766
8.37999999999991 0.3439716498034057 0.31482084752253015 0.36553201172515487
8.39999999999991 0.3438463526978521 0.3149077438299764 0.36552830461845004
8.41999999999991 0.34372164652831005 0.31499481752125263 0.365524609761963
8.439999999999909 0.3435975365510068 0.3150820541744251 0.3655209272499231
8.459999999999908 0.3434740278303799 0.3151694396212058 0.3655172571701954
8.479999999999908 0.3433511252418722 0.3152569599447308 0.3655135996044057
8.499999999999908 0.34322883347470917 0.31534460147731924 0.3655099546280656
8.519999999999907 0.34310715703466155 0.31543235079821713 0.3655063223106963
8.539999999999907 0.3429861002467907 0.3155201947313252 0.36550270271595137
8.559999999999906 0.3428656672581777 0.3156081203429124 0.36549909590173896
8.579999999999906 0.3427458620406326 0.3156961149393179 0.3654955019203427
8.599999999999905 0.3426266883933896 0.31578416606464005 0.3654919208185415
8.619999999999905 0.3425081499457786 0.3158722614984163 0.36548835263772905
8.639999999999905 0.3423902501598824 0.3159603892532934 0.36548479741403067
8.659999999999904 0.34227299233317227 0.3160485375726898 0.36548125517842067
8.679999999999904 0.34215637960112366 0.31613669492845 0.3654777259568377
8.699999999999903 0.342040414939813 0.3162248500184948 0.3654742097702985
8.719999999999903 0.3419251011684938 0.31631299176446503 0.36547070663501124
8.739999999999903 0.3418104409521513 0.31640110930936166 0.36546721656248715
8.759999999999902 0.34169643680403794 0.3164891920151833 0.3654637395596506
8.779999999999902 0.3415830910881852 0.3165772294605612 0.3654602756289485
8.799999999999901 0.34147040602189643 0.3166652114383931 0.3654568247684571
8.8199999999999 0.3413583836782164 0.31675312795347715 0.3654533869719893
8.8399999999999 0.3412470259883797 0.3168409692201446 0.36544996222919834
8.8599999999999 0.34113633474423627 0.3169287256598965 0.36544655052568176
8.8799999999999 0.341026311600656 0.3170163878990399 0.365443151843083
8.899999999999899 0.3409169580779092 0.3171039467663285 0.3654397661591917
8.919999999999899 0.34080827556402565 0.31719139329060564 0.3654363934480428
8.939999999999898 0.3407002653171303 0.31727871869845276 0.3654330336800137
8.959999999999898 0.340592928467756 0.3173659144118418 0.3654296868219198
8.979999999999897 0.3404862660211336 0.3174529720457937 0.36542635283710906
8.999999999999897 0.34038027885945826 0.31753988340604283 0.3654230316855547
9.019999999999897 0.3402749677441326 0.31762664048670924 0.36541972332394573
9.039999999999896 0.3401703333179865 0.31771323546797686 0.36541642770577726
9.059999999999896 0.3400663761074742 0.3177996607137809 0.3654131447814376
9.079999999999895 0.3399630965248457 0.317885908769504 0.36540987449829515
9.099999999999895 0.33986049487029607 0.317971972359681 0.36540661680078257
9.119999999999894 0.3397585713340913 0.3180578443857134 0.3654033716304802
9.139999999999894 0.33965732599866877 0.3181435179235951 0.36540013892619744
9.159999999999894 0.3395567588407148 0.31822898622164747 0.36539691862405227
9.179999999999893 0.3394568697332182 0.3183142426982674 0.36539371065754983
9.199999999999893 0.33935765844749943 0.318399280939685 0.3653905149576585
9.219999999999892 0.33925912465521585 0.3184840946977356 0.36538733145288527
9.239999999999892 0.33916126793034285 0.31856867788764304 0.36538416006934893
9.259999999999891 0.3390640877511306 0.3186530245858168 0.36538100073085106
9.279999999999891 0.3389675835020368 0.31873712902766166 0.365377853358947
9.29999999999989 0.3388717544756354 0.3188209856054025 0.3653747178730139
9.31999999999989 0.3387765998745001 0.31890458886592304 0.36537159419031706
9.33999999999989 0.3386821188130646 0.31898793350861804 0.3653684822260755
9.35999999999989 0.33858831031945835 0.31907101438326246 0.3653653818935256
9.379999999999889 0.33849517333731677 0.31915382648789503 0.3653622931039823
9.399999999999888 0.3384027067275688 0.3192363649667172 0.36535921576690056
9.419999999999888 0.3383109092701989 0.31931862510800924 0.3653561497899332
9.439999999999888 0.3382197796659849 0.3194006023420621 0.36535309507898794
9.459999999999887 0.33812931653821143 0.31948229223912555 0.36535005153828387
9.479999999999887 0.3380395184343588 0.3195636905073749 0.3653470190704046
9.499999999999886 0.3379503838277683 0.31964479299089316 0.3653439975763509
9.519999999999886 0.3378619111192811 0.3197255956676728 0.3653409869555919
9.539999999999885 0.3377740986388543 0.3198060946476336 0.36533798710611387
9.559999999999885 0.3376869446471521 0.31988628617066 0.3653349979244686
9.579999999999885 0.33760044733711203 0.3199661666046564 0.3653320193058193
9.599999999999884 0.3375146048354873 0.32004573244362094 0.3653290511439858
9.619999999999884 0.33742941520436365 0.3201249803057392 0.365326093331487
9.639999999999883 0.33734487644265254 0.3202039069314962 0.3653231457595839
9.659999999999883 0.3372609864875593 0.32028250918180773 0.3653202083183192
9.679999999999882 0.3371777432160269 0.3203607840361724 0.3653172808965562
9.699999999999882 0.33709514444615496 0.32043872859084294 0.36531436338201667
9.719999999999882 0.3370131879385941 0.3205163400570177 0.3653114556613166
9.739999999999881 0.3369318713979154 0.320593615759052 0.365308557620001
9.75999999999988 0.3368511924739565 0.32067055313269166 0.36530566914257717
9.77999999999988 0.3367711487631405 0.32074714972332563 0.3653027901125466
9.79999999999988 0.33669173780977285 0.32082340318426006 0.3652999204124356
9.81999999999988 0.33661295710731154 0.32089931127501414 0.3652970599238242
9.839999999999879 0.33653480409961345 0.32097487185963686 0.3652942085273743
9.859999999999879 0.3364572761821555 0.32105008290504555 0.3652913661028565
9.879999999999878 0.3363803707032309 0.32112494247938556 0.3652885325291747
9.899999999999878 0.3363040849651211 0.32119944875041306 0.365285707684391
9.919999999999877 0.3362284162252415 0.3212735999838989 0.36528289144574766
9.939999999999877 0.3361533616972637 0.3213473945420555 0.36528008368968934
9.959999999999877 0.33607891855221117 0.3214208308819859 0.365277284291883
9.979999999999876 0.33600508391953127 0.32149390755415547 0.3652744931272373
9.999999999999876 0.3359318548881405 0.3215666232008872 0.3652717100699206
